0.0	0.0	0.0	0.0	0.0
0.00416284733	3.695099999997606e-7	1.4000000021496817e-6	0.0	4.000000011217253e-7
0.00831973718	1.0580999999995622e-6	3.900000002943216e-6	0.0	1.0999999986438525e-6
0.0124701358	2.1391300000003083e-6	6.900000002474371e-6	0.0	1.900000000887303e-6
0.016615364	3.4371799999995123e-6	1.0400000000743148e-5	0.0	2.8000000007466497e-6
0.0207525297	4.545089999999537e-6	1.4100000001349144e-5	0.0	3.800000001774606e-6
0.0248836243	5.734509999999991e-6	1.8199999999524152e-5	0.0	5.000000001587068e-6
0.0290103781	6.752510000000191e-6	2.27000000023736e-5	0.0	6.400000000184036e-6
0.0331338645	7.502829999999662e-6	2.810000000152968e-5	0.0	8.19999999990273e-6
0.0372526414	7.6140700000001255e-6	3.330000000545397e-5	0.0	1.0299999999574538e-5
0.0413671608	6.727560000000139e-6	3.8000000003535206e-5	0.0	1.2500000000414957e-5
0.0454785001	5.127360000000032e-6	4.3200000000354066e-5	0.0	1.5199999999992997e-5
0.0495847406	2.9456999999996625e-6	4.8500000005446964e-5	0.0	1.8199999999524152e-5
0.0536894881	1.3947699999995733e-6	5.459999999857246e-5	0.0	2.1300000000223918e-5
0.0577967551	1.1584200000002917e-6	6.249999999852207e-5	0.0	2.459999999970819e-5
0.0619043195	1.4106900000001449e-6	7.160000000538957e-5	0.0	2.810000000152968e-5
0.0660124946	1.873599999999663e-6	8.150000000028967e-5	0.0	3.189999999975157e-5
0.0701216556	1.915669999999828e-6	9.150000000346381e-5	0.0	3.5900000000310683e-5
0.0742317083	1.4617599999999092e-6	0.0001026000000052818	0.0	4.0500000000776026e-5
0.0783427281	1.2090500000000795e-6	0.0001144000000010692	0.0	4.5300000000025875e-5
0.0824569974	1.376449999999918e-6	0.00012710000000026866	0.0	5.030000000161294e-5
0.0865767445	2.585719999999986e-6	0.00014180000000152404	0.0	5.570000000076902e-5
0.0906992641	4.439599999999516e-6	0.00015710000000268565	0.0	6.10999999999251e-5
0.0948244772	6.2659799999996435e-6	0.00017180000000394102	0.0	6.630000000029668e-5
0.0989510254	7.755849999999988e-6	0.0001867000000004282	0.0	7.159999999828415e-5
0.103078009	8.213600000000175e-6	0.0002020000000015898	0.0	7.760000000089917e-5
0.107207653	7.605489999999715e-6	0.00021750000000508862	0.0	8.400000000108321e-5
0.111343368	6.040919999999485e-6	0.00023380000000372547	0.0	9.119999999995798e-5
0.11548607	4.220810000000325e-6	0.00025080000000343716	0.0	9.869999999878587e-5
0.119635351	3.14941000000013e-6	0.0002683000000018865	0.0	0.00010609999999999786
0.12379117	2.148460000000324e-6	0.000285600000005104	0.0	0.00011350000000120986
0.127953897	1.3084100000003082e-6	0.00030380000000462815	0.0	0.00012110000000120635
0.132124863	1.3126499999998459e-6	0.00032310000000279615	0.0	0.00012879999999881875
0.136305832	1.1135000000002393e-6	0.00034400000000545106	0.0	0.0001372999999986746
0.140497792	8.288199999997858e-7	0.00036690000000305645	0.0	0.0001466000000007739
0.144701273	1.4430000000002774e-6	0.0003908999999993057	0.0	0.00015589999999932047
0.148912955	2.0817499999997366e-6	0.0004151000000049976	0.0	0.00016529999999903566
0.153132283	2.6624399999996065e-6	0.0004406999999986283	0.0	0.00017529999999865709
0.157361135	3.806129999999776e-6	0.00046650000000170166	0.0	0.0001852000000006626
0.161601754	5.4459900000001366e-6	0.0004934000000034189	0.0	0.00019530000000145264
0.165855318	6.758170000000126e-6	0.0005203000000051361	0.0	0.00020560000000102718
0.170121715	7.305539999999562e-6	0.0005464000000046099	0.0	0.0002157999999994331
0.174401904	7.287649999999923e-6	0.0005730000000028213	0.0	0.00022650000000012938
0.178693696	6.2429399999997665e-6	0.0006005999999985079	0.0	0.00023789999999834777
0.18299916	4.8699000000001005e-6	0.0006285000000048058	0.0	0.000249600000000072
0.187320684	3.8089199999999032e-6	0.0006579000000002111	0.0	0.00026180000000053383
0.191658861	2.9110200000003264e-6	0.0006881000000049653	0.0	0.0002743000000009488
0.196014582	2.2272199999995995e-6	0.0007178000000038764	0.0	0.000286400000000242
0.200386753	1.5424600000001065e-6	0.0007477000000051248	0.0	0.00029869999999831975
0.204776618	1.0540600000000927e-6	0.0007801000000000613	0.0	0.00031179999999864094
0.209184862	1.081079999999679e-6	0.0008131000000020094	0.0	0.00032500000000013074
0.213614249	8.033799999999577e-7	0.0008479000000036763	0.0	0.0003391000000014799
0.218066151	1.0871699999996307e-6	0.0008845000000050618	0.0	0.00035360000000039804
0.222539018	2.5564899999996893e-6	0.0009202000000030353	0.0	0.00036730000000062546
0.227032247	3.678099999999615e-6	0.0009561000000033459	0.0	0.0003811999999996374
0.231546533	4.860809999999993e-6	0.0009933999999987009	0.0	0.00039569999999855554
0.236084253	6.2471800000001715e-6	0.0010308000000023299	0.0	0.0004100999999998578
0.240646606	6.817279999999856e-6	0.001067900000002453	0.0	0.00042469999999994457
0.245235596	6.621069999999778e-6	0.00110440000000267	0.0	0.00043940000000119994
0.249851114	5.702049999999591e-6	0.0011387999999996623	0.0	0.000453600000000165
0.254491822	4.037769999999663e-6	0.0011739999999988981	0.0	0.00046830000000142036
0.259160099	2.2863999999999177e-6	0.0012098999999992088	0.0	0.00048340000000024475
0.263845256	1.325319999999526e-6	0.0012471000000005006	0.0	0.0004987000000014064
0.268521152	8.034099999998379e-7	0.0012852999999992676	0.0	0.0005142000000013525
0.273189161	7.612200000001526e-7	0.0013232000000016342	0.0	0.0005293000000001769
0.277848912	7.098599999998123e-7	0.001361700000003907	0.0	0.000544800000000123
0.28250194	9.19589999999644e-7	0.0014004000000014116	0.0	0.0005601999999989005
0.287147923	1.4015500000002373e-6	0.0014384000000049468	0.0	0.000575200000000109
0.291787039	1.9779999999997022e-6	0.0014751000000003955	0.0	0.0005896999999990271
0.29642034	2.843289999999478e-6	0.0015104000000008	0.0	0.0006033999999992545
0.301049806	3.6520499999996223e-6	0.001543200000000411	0.0	0.0006161999999996226
0.305675016	4.469929999999754e-6	0.0015764999999987594	0.0	0.0006292999999999438
0.310295714	5.125009999999881e-6	0.0016102000000017824	0.0	0.0006425000000014336
0.314913136	4.6405299999998165e-6	0.0016419000000027495	0.0	0.0006553999999994176
0.319527204	3.427749999999896e-6	0.0016728000000014731	0.0	0.0006681999999997856
0.324139415	2.3000300000000987e-6	0.001701500000002909	0.0	0.0006801000000002944
0.328751082	1.1711999999995323e-6	0.0017288000000021952	0.0	0.0006914999999985127
0.333360634	9.63249999999527e-7	0.0017567000000013877	0.0	0.0007027999999991152
0.337968434	1.2370300000001666e-6	0.0017846000000005802	0.0	0.0007139000000009332
0.342575584	1.0397000000002266e-6	0.0018108000000012225	0.0	0.0007243999999992923
0.347181948	1.1138899999995483e-6	0.0018361999999996215	0.0	0.0007346000000012509
0.351790094	1.0265100000000221e-6	0.0018603000000041447	0.0	0.0007441999999997506
0.356399708	5.828599999998726e-7	0.0018821000000031063	0.0	0.0007531000000007282
0.361011364	7.692200000002786e-7	0.001903200000000993	0.0	0.0007614999999994154
0.365625101	1.2373199999998752e-6	0.001922499999999161	0.0	0.0007689999999982433
0.370241792	2.008169999999712e-6	0.0019394999999988727	0.0	0.000775499999999596
0.374861752	2.9600299999996485e-6	0.0019546999999988657	0.0	0.0007811999999987052
0.379484969	3.1144999999999784e-6	0.0019674999999992338	0.0	0.0007863000000014608
0.384113152	2.7308099999996324e-6	0.001978800000003389	0.0	0.0007909999999995421
0.388745289	1.864189999999967e-6	0.0019887999999994577	0.0	0.0007953000000000543
0.393382839	8.409299999999689e-7	0.0019969000000017445	0.0	0.0007990000000006603
0.398026917	6.081399999994727e-7	0.0020047000000005255	0.0	0.000802199999998976
0.402677506	1.0997699999995905e-6	0.0020108000000007564	0.0	0.000804500000000985
0.40733473	1.6753300000000096e-6	0.0020151000000012687	0.0	0.000805899999999582
0.411999767	2.2553100000001144e-6	0.002017600000002062	0.0	0.0008066999999982727
0.41667176	2.260179999999737e-6	0.002017399999999725	0.0	0.0008066000000006568
0.421352278	1.684600000000265e-6	0.002016099999998744	0.0	0.0008063000000007037
0.426041759	1.0991499999994658e-6	0.00201330000000155	0.0	0.0008054000000008443
0.430740519	8.478699999999936e-7	0.0020085000000023	0.0	0.0008036000000011256
0.435449197	7.240800000002379e-7	0.0020009999999999195	0.0	0.0008006999999992104
0.440168329	1.0736599999998375e-6	0.0019905999999991764	0.0	0.0007963999999986981
0.44489911	1.5738699999994984e-6	0.0019783000000046513	0.0	0.0007911999999983266
0.449641582	1.6526499999995614e-6	0.001964300000004471	0.0	0.000785600000000386
0.454397268	1.2793500000001998e-6	0.001950100000001953	0.0	0.0007801000000000613
0.459165111	6.573499999997304e-7	0.0019334999999998104	0.0	0.0007736999999998773
0.463946401	8.089900000000927e-7	0.001916000000001361	0.0	0.0007665999999986184
0.46874132	1.5705799999996342e-6	0.001897100000000762	0.0	0.0007587999999998374
0.473550828	2.7587999999996796e-6	0.0018762999999992758	0.0	0.0007500000000000284
0.478375598	3.967919999999479e-6	0.001855500000004895	0.0	0.0007410999999990509
0.483216423	4.126430000000146e-6	0.0018328000000025213	0.0	0.0007319999999992888
0.488073054	3.893129999999953e-6	0.0018063000000054785	0.0	0.0007215000000009297
0.492947237	3.27011000000009e-6	0.00177950000000493	0.0	0.000710999999999018
0.497838677	1.8471299999996138e-6	0.0017497999999989133	0.0	0.0006996999999984155
0.50274814	1.1865799999996596e-6	0.0017193999999989273	0.0	0.0006878000000014595
0.507676493	7.431299999995783e-7	0.0016888000000037096	0.0	0.0006756999999986135
0.512623975	8.318499999998216e-7	0.0016542999999984431	0.0	0.0006619000000007702
0.517592407	1.0605200000003007e-6	0.0016186000000004697	0.0	0.0006474999999994679
0.522582424	8.852599999997768e-7	0.001583600000003571	0.0	0.0006334999999992874
0.527594887	1.3501000000002567e-6	0.0015493000000006418	0.0	0.0006196000000002755
0.532629185	1.9998200000001173e-6	0.0015155000000035557	0.0	0.0006057999999988795
0.537686055	2.925130000000324e-6	0.0014815000000041323	0.0	0.0005917999999986989
0.5427657	4.12339000000015e-6	0.0014432000000041967	0.0	0.0005759999999987997
0.547870263	5.3295399999996745e-6	0.001405699999999399	0.0	0.0005604999999988536
0.553000056	6.085639999999469e-6	0.001366199999999651	0.0	0.0005443999999990012
0.558157129	5.661649999999692e-6	0.001328900000004296	0.0	0.0005297000000012986
0.563339807	4.174360000000314e-6	0.0012905000000031919	0.0	0.0005148999999988746
0.568550266	1.98438000000023e-6	0.001248300000000313	0.0	0.0004989000000001909
0.573789557	1.3545799999997027e-6	0.0012066000000032773	0.0	0.0004825000000003854
0.579058796	1.1604899999998267e-6	0.0011642999999992298	0.0	0.0004655999999982896
0.584358745	1.5325099999999661e-6	0.0011253000000053248	0.0	0.0004497999999983904
0.589689008	1.5111299999995276e-6	0.001088100000004033	0.0	0.0004349999999995191
0.595049196	1.1715000000000683e-6	0.001048600000004285	0.0	0.0004193000000007885
0.600442305	1.7240899999994633e-6	0.0010079000000047245	0.0	0.0004027999999998144
0.605870134	2.667750000000073e-6	0.0009690999999989458	0.0	0.0003868999999987466
0.611333477	4.744459999999999e-6	0.0009323000000023285	0.0	0.00037130000000118457
0.616832623	6.172399999999738e-6	0.0008978000000041675	0.0	0.0003568999999998823
0.622363395	6.305780000000205e-6	0.0008628000000001634	0.0	0.00034279999999853317
0.627878595	5.280810000000101e-6	0.0008254000000036399	0.0	0.000328299999999615
0.633363107	3.8751599999997666e-6	0.0007895000000033292	0.0	0.0003145000000017717
0.638819138	2.639470000000317e-6	0.0007547000000016624	0.0	0.0003010000000003288
0.644248002	2.2193799999997016e-6	0.0007231000000018639	0.0	0.00028860000000108244
0.649650399	1.0087199999999838e-6	0.000690699999999822	0.0	0.0002761000000006675
0.655026296	6.566200000000452e-7	0.000659900000002267	0.0	0.00026390000000020564
0.6603755	7.412100000003113e-7	0.0006291999999987752	0.0	0.0002515999999985752
0.665699506	1.1311699999998898e-6	0.000602400000005332	0.0	0.00024069999999909442
0.670999741	1.7455499999995822e-6	0.0005780999999984715	0.0	0.000230699999999473
0.67627729	2.6487399999997052e-6	0.0005556999999996037	0.0	0.0002214000000009264
0.681531443	3.6953899999999165e-6	0.0005324999999984925	0.0	0.0002117000000012581
0.686763823	5.0955699999995566e-6	0.000510699999999531	0.0	0.0002023999999991588
0.691974234	5.472280000000038e-6	0.0004893000000052439	0.0	0.00019370000000051846
0.697164251	4.701369999999573e-6	0.0004690000000024952	0.0	0.00018590000000173745
0.702335106	2.9785700000001594e-6	0.00045130000000170867	0.0	0.00017950000000155342
0.707487184	1.6689800000002294e-6	0.0004330000000010159	0.0	0.00017259999999907905
0.712619854	5.653499999995829e-7	0.0004156000000037352	0.0	0.0001661000000012791
0.717735165	6.023100000002168e-7	0.0003989000000004239	0.0	0.00015940000000114196
0.722831608	1.0481800000001693e-6	0.0003829999999993561	0.0	0.00015289999999978932
0.727912018	1.1034499999996311e-6	0.00036890000000511236	0.0	0.00014720000000068012
0.732975642	9.525199999999012e-7	0.0003560000000035757	0.0	0.00014210000000147716
0.738024641	6.770100000001028e-7	0.0003452000000052635	0.0	0.00013789999999858082
0.74305807	6.531400000000728e-7	0.00033480000000452037	0.0	0.00013380000000040582
0.7480781	1.8458199999996441e-6	0.0003255000000024211	0.0	0.0001296000000010622
0.753083312	2.9526499999996472e-6	0.00031700000000256523	0.0	0.0001257000000016717
0.758075862	3.4200199999995587e-6	0.0003092000000037842	0.0	0.0001223999999986347
0.763055025	3.1583999999997697e-6	0.00030230000000130985	0.0	0.00011980000000022528
0.768023587	2.1429199999999093e-6	0.00029669999999981655	0.0	0.00011789999999933798
0.772980081	1.2300700000002218e-6	0.0002911000000054287	0.0	0.00011599999999845068
0.777926239	6.381100000002818e-7	0.00028500000000519776	0.0	0.00011380000000116297
0.782860974	6.481100000002224e-7	0.0002799000000024421	0.0	0.00011179999999910706
0.787785672	9.27740000000038e-7	0.00027510000000319224	0.0	0.00010980000000060386
0.792701358	1.6458299999999246e-6	0.0002722000000048297	0.0	0.00010830000000083828
0.797609046	1.6790399999999303e-6	0.000270400000005111	0.0	0.00010759999999976344
0.802508475	1.2282199999998078e-6	0.0002690000000029613	0.0	0.00010719999999864172
0.807400224	5.10940000000154e-7	0.00026809999999954925	0.0	0.00010710000000102582
0.81228466	5.342599999997796e-7	0.000267499999999643	0.0	0.0001068000000010727
0.817162222	8.06130000000245e-7	0.0002673999999984744	0.0	0.0001066999999999041
0.822034308	1.5794299999998332e-6	0.0002690000000029613	0.0	0.00010699999999985721
0.826900685	1.7887299999996484e-6	0.0002709000000038486	0.0	0.00010770000000093205
0.831762218	1.5436399999997283e-6	0.0002743000000009488	0.0	0.00010920000000069763
0.836618958	8.845300000000916e-7	0.000278200000003892	0.0	0.00011100000000041632
0.841472474	9.015299999998172e-7	0.000282699999999636	0.0	0.00011280000000013501
0.846322141	8.690800000002441e-7	0.0002876000000000545	0.0	0.00011479999999863821
0.851169995	1.3105299999996434e-6	0.00029280000000397877	0.0	0.00011669999999952552
0.856014592	2.1191299999995597e-6	0.00029870000000187247	0.0	0.00011870000000158143
0.860858646	3.0118699999998055e-6	0.00030579999999957863	0.0	0.00012119999999882225
0.865701055	3.1456800000002894e-6	0.0003132000000007906	0.0	0.0001241000000007375
0.870543787	2.699180000000252e-6	0.00032090000000550845	0.0	0.00012740000000022178
0.875385765	1.9770100000001886e-6	0.00032920000000302707	0.0	0.00013099999999965917
0.88022783	9.835999999997444e-7	0.0003373999999993771	0.0	0.00013470000000026516
0.885069752	7.363499999997816e-7	0.00034760000000488844	0.0	0.00013889999999960878
0.889913863	1.0880599999995438e-6	0.00035960000000301306	0.0	0.00014350000000007412
0.894739878	1.0151600000002717e-6	0.00037259999999861293	0.0	0.0001487000000004457
0.899532733	9.473299999998228e-7	0.0003866999999999621	0.0	0.0001543999999995549
0.904294228	1.1009899999999198e-6	0.00040150000000238606	0.0	0.0001603000000010013
0.909025048	7.009599999998131e-7	0.00041630000000481004	0.0	0.00016630000000006362
0.913724151	1.1406400000002134e-6	0.0004331000000021845	0.0	0.00017289999999903216
0.918392999	1.915069999999623e-6	0.00045040000000540203	0.0	0.00017950000000155342
0.923033822	3.546249999999973e-6	0.0004692999999988956	0.0	0.00018640000000047507
0.927647915	4.812889999999785e-6	0.0004883000000006632	0.0	0.00019350000000173395
0.932236184	5.951090000000207e-6	0.0005073000000024308	0.0	0.00020070000000060872
0.936799468	5.709940000000156e-6	0.0005263000000041984	0.0	0.00020840000000177383
0.941337063	4.623419999999663e-6	0.0005463000000034413	0.0	0.00021680000000046107
0.945851288	3.05664999999955e-6	0.0005669000000025903	0.0	0.00022570000000143864
0.950343287	1.6328499999997484e-6	0.000588000000000477	0.0	0.0002347000000000321
0.954814028	1.0835800000000978e-6	0.0006119000000026631	0.0	0.000244500000000869
0.959262123	6.860800000002901e-7	0.000636900000003493	0.0	0.00025469999999927495
0.96368846	9.809999999997251e-7	0.000663600000002873	0.0	0.0002652000000011867
0.968093742	1.1366199999997967e-6	0.0006912999999997282	0.0	0.000276299999999452
0.972477878	1.5400500000001954e-6	0.0007196000000035951	0.0	0.00028740000000127
0.976843964	1.7910000000001189e-6	0.0007488000000037687	0.0	0.00029899999999827287
0.98119108	2.129190000000128e-6	0.0007799000000048295	0.0	0.0003112999999999033
0.985520526	3.0050400000002087e-6	0.0008124000000009346	0.0	0.0003239999999991028
0.989831334	4.47433999999948e-6	0.000846000000002789	0.0	0.00033690000000063947
0.994124723	6.1832599999997115e-6	0.0008809999999996876	0.0	0.00035019999999974516
0.998402776	7.500080000000242e-6	0.0009145000000003733	0.0	0.00036310000000128184
1.00266544	8.412200000000244e-6	0.0009488000000033026	0.0	0.00037640000000038754
1.00691547	7.096199999999907e-6	0.0009830000000050632	0.0	0.0003905999999993526
1.01115113	5.457270000000167e-6	0.0010188000000042052	0.0	0.00040560000000056107
1.01537247	4.093890000000065e-6	0.0010566999999994664	0.0	0.0004212999999992917
1.01957956	2.8898899999997563e-6	0.001097000000001458	0.0	0.00043790000000143436
1.02377396	2.6339299999999025e-6	0.0011380000000045243	0.0	0.00045450000000002433
1.02795672	2.309489999999595e-6	0.0011788000000052534	0.0	0.0004708999999998298
1.03212689	2.383719999999624e-6	0.001221999999998502	0.0	0.0004881999999994946
1.03628595	1.9672899999999965e-6	0.0012654000000011933	0.0	0.0005057000000014966
1.04043327	1.3275600000001164e-6	0.001310400000001266	0.0	0.0005239999999986367
1.04456871	1.5884199999994728e-6	0.001358799999998439	0.0	0.0005433000000003574
1.04869353	2.074639999999524e-6	0.001408600000004867	0.0	0.0005629999999996471
1.05280857	3.245259999999639e-6	0.001459400000001665	0.0	0.0005829000000012741
1.05691524	4.911540000000249e-6	0.0015111000000018748	0.0	0.0006029000000005169
1.06101162	7.159280000000254e-6	0.0015640000000018972	0.0	0.0006231999999997129
1.06509907	9.154790000000246e-6	0.001616800000000751	0.0	0.0006434999999989088
1.06917752	9.94861000000024e-6	0.0016707999999994172	0.0	0.0006647999999991328
1.07324917	1.0006259999999732e-5	0.001725400000005095	0.0	0.0006866999999992629
1.0773155	9.096000000000104e-6	0.0017807999999988056	0.0	0.0007091999999992993
1.08137642	7.27685999999967e-6	0.0018382000000016774	0.0	0.0007328999999991481
1.08543342	5.005059999999527e-6	0.0018959000000009496	0.0	0.0007568999999989501
1.08948396	3.7244000000002248e-6	0.001954200000000128	0.0	0.0007806999999999675
1.09352812	3.1051400000000826e-6	0.00201330000000155	0.0	0.0008045999999986009
1.09756723	2.3341200000000575e-6	0.0020735000000016157	0.0	0.0008289999999995246
1.1016009	2.044649999999662e-6	0.0021348000000003253	0.0	0.0008537000000004014
1.10563088	1.6904600000002684e-6	0.0021979999999999222	0.0	0.0008790999999988003
1.10965606	1.876999999999955e-6	0.0022681000000019935	0.0	0.0009070999999991614
1.11367696	2.2614699999997864e-6	0.0023393000000027087	0.0	0.0009355000000006441
1.11769258	3.078620000000233e-6	0.002413500000002955	0.0	0.0009647999999984336
1.12170256	5.360900000000134e-6	0.0024889000000030137	0.0	0.0009940999999997757
1.12571201	6.863640000000226e-6	0.0025610000000000355	0.0	0.00102240000000009
1.12972012	8.495629999999942e-6	0.002633000000002994	0.0	0.0010505000000016196
1.13372802	1.0210559999999577e-5	0.002704999999998847	0.0	0.0010787000000007652
1.13773639	1.063991999999958e-5	0.002780300000004843	0.0	0.0011085999999984608
1.14174506	1.0537560000000064e-5	0.002857099999999946	0.0	0.0011393999999995685
1.14575417	9.620450000000051e-6	0.0029341999999985546	0.0	0.0011705999999982453
1.14976281	8.661139999999526e-6	0.0030143000000038	0.0	0.0012031000000014558
1.15377318	7.4294099999998656e-6	0.0030912000000000717	0.0	0.0012344000000013011
1.15778546	5.739060000000025e-6	0.0031669000000036363	0.0	0.0012654000000011933
1.16179886	4.183349999999954e-6	0.003247300000005282	0.0	0.0012982000000008043
1.16581414	2.723690000000327e-6	0.003332200000002672	0.0	0.0013326999999989653
1.16983013	1.856049999999533e-6	0.003422300000003986	0.0	0.0013691000000015663
1.17384805	1.7696399999996004e-6	0.0035141000000038503	0.0	0.0014059000000017363
1.17786847	2.069409999999605e-6	0.0036070000000023583	0.0	0.0014429999999983067
1.18189243	2.8681299999999688e-6	0.003698300000003485	0.0	0.0014791999999985705
1.18592111	3.819050000000192e-6	0.0037874000000002184	0.0	0.001514499999998975
1.18995296	4.727040000000217e-6	0.0038781000000014387	0.0	0.0015503999999992857
1.19398969	6.247269999999812e-6	0.003974400000004152	0.0	0.0015883999999992682
1.19803077	8.518150000000162e-6	0.0040747000000038724	0.0	0.0016275999999990631
1.20207836	1.0845599999999983e-5	0.004176200000003405	0.0	0.0016673000000011484
1.20613345	1.2534499999999546e-5	0.0042772000000042	0.0	0.001706999999999681
1.21019617	1.2891339999999626e-5	0.004374200000000883	0.0	0.0017457000000007383
1.21426831	1.1399980000000032e-5	0.0044688000000050465	0.0	0.0017841999999994584
1.21834779	8.855969999999914e-6	0.004566000000004067	0.0	0.0018241000000003282
1.22243488	6.213540000000149e-6	0.0046678	0.0	0.0018658999999985326
1.22653154	4.411850000000245e-6	0.0047732000000024755	0.0	0.0019089000000001022
1.2306378	3.3188099999997833e-6	0.004880599999999902	0.0	0.0019522999999992408
1.23475534	2.7744399999996353e-6	0.00499059999999929	0.0	0.0019965000000006228
1.23888317	3.03905999999958e-6	0.005100900000002184	0.0	0.002040600000000836
1.24302179	3.2298499999996316e-6	0.005208700000004285	0.0	0.002083599999998853
1.24716952	2.9953299999999766e-6	0.005322599999999511	0.0	0.0021293000000000006
1.25132532	3.300989999999865e-6	0.005441400000002261	0.0	0.002176800000000867
1.25549445	4.081670000000322e-6	0.00556230000000113	0.0	0.002224800000000471
1.25967601	5.463469999999679e-6	0.00568420000000458	0.0	0.002273100000000028
1.26387178	7.543239999999521e-6	0.005803800000002468	0.0	0.002320099999998604
1.26808263	9.847149999999728e-6	0.005918499999999938	0.0	0.0023650999999986766
1.27230733	1.1080999999999591e-5	0.006032199999999932	0.0	0.0024100999999987494
1.27654638	1.100814000000016e-5	0.006149200000002963	0.0	0.0024569999999997094
1.28080015	1.0678230000000025e-5	0.006271699999999214	0.0	0.00250610000000151
1.28507224	9.329300000000297e-6	0.006397700000000839	0.0	0.002557100000000645
1.28936296	7.881680000000266e-6	0.006529499999999189	0.0	0.002610499999999405
1.29367233	6.873719999999847e-6	0.006657199999999364	0.0	0.0026620000000008304
1.29800246	5.01219999999962e-6	0.006780500000004963	0.0	0.002712100000000106
1.30234868	3.426140000000258e-6	0.006908200000005138	0.0	0.002763800000000316
1.30671371	2.7287699999999776e-6	0.007037700000005032	0.0	0.0028159999999992635
1.31109838	2.419299999999701e-6	0.0071732000000039875	0.0	0.0028703000000014356
1.31550346	2.629599999999857e-6	0.007311200000003737	0.0	0.0029254999999999143
1.31992895	3.1772499999999093e-6	0.007445100000005311	0.0	0.0029788000000010584
1.3243738	4.2378899999997305e-6	0.007576100000001418	0.0	0.0030308000000012214
1.32883905	4.880649999999646e-6	0.007709600000005423	0.0	0.003084000000001197
1.33332394	6.601630000000261e-6	0.007849700000001292	0.0	0.00313939999999846
1.33783052	8.659769999999796e-6	0.007994799999998747	0.0	0.0031967000000001633
1.34236283	9.858320000000198e-6	0.008144399999999052	0.0	0.0032561000000015383
1.34692157	1.0901949999999466e-5	0.008283599999998614	0.0	0.0033114000000011856
1.35150812	1.055958999999964e-5	0.008417500000000189	0.0	0.0033650999999998987
1.35612188	8.672629999999584e-6	0.008551700000005269	0.0	0.0034196000000008553
1.36076524	6.30653999999977e-6	0.008688900000002775	0.0	0.003475500000000409
1.36543752	4.3224400000001564e-6	0.008834200000002568	0.0	0.0035343999999994935
1.37013755	3.207540000000307e-6	0.008980600000001004	0.0	0.0035935000000009154
1.37486589	3.095160000000062e-6	0.009122200000000191	0.0	0.0036501999999991597
1.37961735	2.972530000000008e-6	0.009267399999998815	0.0	0.0037082999999995536
1.38439743	2.6968500000000215e-6	0.00941190000000347	0.0	0.003766299999998779
1.3892055	2.491759999999864e-6	0.009561800000000176	0.0	0.003826400000001229
1.39404397	3.033769999999901e-6	0.00971460000000235	0.0	0.0038872999999988167
1.39891277	4.57333000000032e-6	0.00985870000000233	0.0	0.003944400000001735
1.40377874	6.18080999999996e-6	0.010000400000002685	0.0	0.0040005000000000734
1.40862753	8.04850999999978e-6	0.010141600000004303	0.0	0.0040562000000008425
1.4134586	9.598240000000327e-6	0.01028150000000494	0.0	0.004111600000001658
1.4182721	9.219559999999911e-6	0.010423000000002958	0.0	0.004168400000001071
1.42306922	7.999770000000246e-6	0.01055910000000182	0.0	0.004223400000000765
1.42785126	6.035120000000109e-6	0.010688300000005313	0.0	0.004275899999999666
1.43261901	4.097479999999598e-6	0.010816699999999457	0.0	0.004328099999998614
1.43737261	3.3324899999997645e-6	0.01094319999999982	0.0	0.004379000000000133
1.44211165	2.952249999999511e-6	0.01106850000000037	0.0	0.004429300000001746
1.44683596	2.5348800000001698e-6	0.011195400000005407	0.0	0.004480300000000881
1.45154745	2.2475000000000966e-6	0.01131769999999932	0.0	0.004529399999999129
1.4562459	2.144209999999959e-6	0.011443400000004544	0.0	0.0045797000000007415
1.46093251	2.253019999999724e-6	0.011566100000003132	0.0	0.004628799999998989
1.46560772	2.6806799999995815e-6	0.011689199999999289	0.0	0.00467790000000079
1.47027108	4.159739999999752e-6	0.011805200000004845	0.0	0.004723699999999553
1.47492558	5.93080999999971e-6	0.011911099999998953	0.0	0.004765400000000142
1.47957082	7.218249999999676e-6	0.012010799999998767	0.0	0.004804799999998721
1.48420746	7.84625999999955e-6	0.012110100000001012	0.0	0.004844299999998469
1.48883587	6.963889999999501e-6	0.012205999999999051	0.0	0.004882999999999527
1.49345507	5.45954999999973e-6	0.01230019999999854	0.0	0.004921299999999462
1.49806663	4.0361200000001846e-6	0.012395800000000179	0.0	0.004960199999999304
1.50267113	2.7919899999997652e-6	0.012483899999999437	0.0	0.00499590000000083
1.50726977	2.444929999999637e-6	0.012574499999999489	0.0	0.0050322999999998785
1.51186179	2.5272800000001802e-6	0.012662500000004684	0.0	0.005067499999999114
1.51644798	2.9700700000002966e-6	0.01274460000000488	0.0	0.005100200000001109
1.52102865	3.029160000000107e-6	0.012823500000003207	0.0	0.005131800000000908
1.52560365	2.612990000000308e-6	0.012895900000003735	0.0	0.005160899999999913
1.53017527	2.1027200000000787e-6	0.012966500000004544	0.0	0.0051893999999990115
1.53474251	2.1557299999998975e-6	0.013033700000001147	0.0	0.005216300000000729
1.53930697	3.190339999999646e-6	0.0130991999999992	0.0	0.005242100000000249
1.54386862	3.877430000000237e-6	0.01315980000000394	0.0	0.005265999999998883
1.54842783	4.62742000000016e-6	0.013212000000002888	0.0	0.0052866000000015845
1.55298648	5.2191700000000715e-6	0.01326490000000291	0.0	0.0053075999999983026
1.55754374	5.108739999999841e-6	0.013307300000001021	0.0	0.005324600000001567
1.56210056	4.3652899999998065e-6	0.013348300000004087	0.0	0.0053413000000013255
1.56665669	3.533499999999745e-6	0.01338850000000491	0.0	0.005357700000001131
1.57121244	2.67459999999959e-6	0.013419400000003634	0.0	0.0053704000000003305
1.57576877	2.2557999999998912e-6	0.013454000000002964	0.0	0.00538450000000168
1.58032625	3.018459999999494e-6	0.013481500000004587	0.0	0.005395199999998823
1.58488566	3.509629999999715e-6	0.013511000000001161	0.0	0.005406799999999379
1.58944719	3.609810000000137e-6	0.013535900000000822	0.0	0.005416700000001384
1.59401102	3.794530000000157e-6	0.013551100000000815	0.0	0.005422700000000447
1.59857811	2.906889999999482e-6	0.013568800000001602	0.0	0.0054301999999992745
1.60314799	2.2490300000000546e-6	0.013575000000003001	0.0	0.0054328999999988525
1.6077224	2.6140599999995018e-6	0.013581299999998464	0.0	0.0054352999999984775
1.61230103	2.378009999999889e-6	0.013581900000005476	0.0	0.005435599999998431
1.61688442	3.568289999999509e-6	0.013572100000004639	0.0	0.0054312000000003025
1.62147394	4.173100000000145e-6	0.013564299999998752	0.0	0.00542779999999965
1.62606908	3.3514499999994646e-6	0.013543599999998435	0.0	0.0054198999999997
1.63067174	2.947310000000168e-6	0.01352650000000466	0.0	0.005413199999999563
1.63528189	2.543479999999633e-6	0.01351110000000233	0.0	0.0054072000000005005
1.63989991	2.566990000000234e-6	0.013486000000000331	0.0	0.0053970999999997105
1.64452577	3.6969299999998345e-6	0.013463200000003894	0.0	0.005387599999998827
1.64915982	4.651199999999682e-6	0.013430500000005452	0.0	0.0053741000000009365
1.6538026	5.176820000000158e-6	0.013397199999999998	0.0	0.005360499999998325
1.65845465	5.115989999999494e-6	0.013364400000000387	0.0	0.0053474000000015565
1.66311656	4.682950000000317e-6	0.013320400000004895	0.0	0.005330000000000723
1.6677899	3.871629999999994e-6	0.013279600000004166	0.0	0.005313999999998487
1.67247395	2.91969999999947e-6	0.013222599999998863	0.0	0.00529149999999845
1.67717083	3.127710000000103e-6	0.013164700000004359	0.0	0.005268300000000892
1.68188042	2.6680199999998613e-6	0.013109200000002375	0.0	0.005246299999999593
1.68660272	2.70836999999996e-6	0.013046899999999084	0.0	0.005221299999998763
1.69133818	2.6746800000001375e-6	0.01298590000000388	0.0	0.005196900000001392
1.69608756	2.5459300000002516e-6	0.012913000000004615	0.0	0.0051677999999988344
1.70085179	2.9344399999995524e-6	0.012837099999998713	0.0	0.005137200000000064
1.70563162	2.8425399999998727e-6	0.01276060000000001	0.0	0.005106699999998909
1.71042801	3.516250000000151e-6	0.012681800000002852	0.0	0.005074799999999158
1.71524092	5.291999999999623e-6	0.01261339999999933	0.0	0.005046799999998797
1.72006972	6.367979999999732e-6	0.012530400000002828	0.0	0.005013099999999326
1.72491626	7.6260000000001604e-6	0.01244400000000212	0.0	0.004978000000001259
1.72978082	6.723169999999466e-6	0.012354399999999544	0.0	0.0049424999999985175
1.7346644	5.642400000000283e-6	0.012258400000000336	0.0	0.004904499999998535
1.73956794	4.351540000000105e-6	0.012173000000004208	0.0	0.004870900000000233
1.7444911	3.1980400000001033e-6	0.012074600000005375	0.0	0.004831899999999223
1.74943511	2.861049999999636e-6	0.011969700000001637	0.0	0.0047901000000010185
1.75440108	2.293060000000194e-6	0.011859499999999912	0.0	0.00474619999999959
1.75939009	2.5199699999998992e-6	0.01175010000000043	0.0	0.0047023000000017134
1.7644021	2.875000000000273e-6	0.011653299999998978	0.0	0.004663399999998319
1.76943648	2.8953499999996232e-6	0.01155119999999954	0.0	0.0046226000000011425
1.77449406	3.6861900000002487e-6	0.011442899999998701	0.0	0.004578899999998498
1.77957634	4.144430000000213e-6	0.011324800000004132	0.0	0.0045314000000011845
1.78468462	6.155400000000012e-6	0.011205199999999138	0.0	0.004482700000000506
1.78982023	7.128829999999628e-6	0.011093700000003537	0.0	0.004437700000000433
1.79498283	7.92284999999969e-6	0.010986200000004942	0.0	0.00439439999999891
1.8001726	7.4387899999996815e-6	0.010871600000001536	0.0	0.004348700000001315
1.8053915	6.3853699999996336e-6	0.010754500000004441	0.0	0.004302299999999093
1.81063911	4.400610000000055e-6	0.010634500000001879	0.0	0.004255000000000564
1.81591697	3.1574600000000563e-6	0.010517900000003522	0.0	0.004208800000000679
1.82122427	2.877689999999933e-6	0.010407800000002965	0.0	0.00416489999999925
1.82656256	2.6066799999995005e-6	0.01028519999999844	0.0	0.004115899999998618
1.83193324	3.3793799999997515e-6	0.010159700000002658	0.0	0.004065400000001773
1.83733805	2.4490899999994944e-6	0.010031099999999071	0.0	0.0040143000000014695
1.8427775	2.890549999999721e-6	0.009909499999999127	0.0	0.0039653999999984535
1.84825177	3.747149999999526e-6	0.009802300000004038	0.0	0.003922200000001652
1.85376021	5.448959999999545e-6	0.009691600000003575	0.0	0.0038772000000015794
1.85930466	7.111249999999618e-6	0.009577800000002412	0.0	0.003831000000001694
1.86488636	8.193850000000162e-6	0.009463000000003774	0.0	0.0037845999999994717
1.87050629	7.2361500000001425e-6	0.009348800000005042	0.0	0.0037391999999982772
1.87616571	5.5452599999998575e-6	0.009246799999999666	0.0	0.003699099999998623
1.88186341	2.903839999999526e-6	0.009136800000000278	0.0	0.003656100000000606
1.88760264	2.376559999999611e-6	0.00902820000000304	0.0	0.003612900000000252
1.89335664	2.0610799999999305e-6	0.008915700000002857	0.0	0.003568000000001348
1.89908858	2.7453399999996866e-6	0.008815800000000706	0.0	0.0035276999999993564
1.90479675	2.1393800000001767e-6	0.008720400000001405	0.0	0.003489699999999374
1.91048449	2.430389999999623e-6	0.008631800000003409	0.0	0.003454200000000185
1.91614897	2.6609900000001963e-6	0.00853760000000392	0.0	0.003416399999998987
1.92179389	4.268749999999585e-6	0.008453200000005268	0.0	0.003381900000000826
1.92741724	5.401439999999473e-6	0.00836879999999951	0.0	0.0033476999999990653
1.93302284	6.576569999999782e-6	0.008305900000003419	0.0	0.003322099999998329
1.93860953	5.571690000000067e-6	0.008237600000001066	0.0	0.003295099999998996
1.9441784	4.503510000000016e-6	0.008178399999998476	0.0	0.003271800000000269
1.94972835	2.6849799999997467e-6	0.008109400000002154	0.0	0.0032449999999997203
1.95526123	2.2529200000001234e-6	0.008047900000001107	0.0	0.0032205000000011808
1.96077726	2.100740000000184e-6	0.007990700000000572	0.0	0.0031977000000011913
1.96627818	2.6269300000001175e-6	0.007944200000004287	0.0	0.0031788000000005923
1.97176465	2.4156299999996203e-6	0.00789879999999954	0.0	0.0031607999999998526
1.97723636	2.5427200000000677e-6	0.007858200000001148	0.0	0.0031445000000012158
1.98269424	2.0904399999997075e-6	0.007820200000004718	0.0	0.0031293999999988387
1.98813825	2.614459999999638e-6	0.007791000000004544	0.0	0.00311749999999833
1.99356942	3.401989999999612e-6	0.007774200000000064	0.0	0.0031104999999982397
1.99898875	4.319630000000109e-6	0.007755500000001803	0.0	0.00310259999999829
2.00439615	4.1804299999994785e-6	0.007746500000003209	0.0	0.0030991000000000213
2.00979139	3.3425399999995054e-6	0.007726500000003966	0.0	0.003091399999998856
2.01517618	1.9902999999999935e-6	0.007724299999999573	0.0	0.003091099999998903
2.02055077	1.5417900000001816e-6	0.00772280000000336	0.0	0.003090700000001334
2.02591715	2.5903499999997e-6	0.007735100000004991	0.0	0.0030952000000006308
2.03127162	3.3493400000000895e-6	0.007748100000000591	0.0	0.0031001000000010492
2.0365824	4.661520000000079e-6	0.007762400000004277	0.0	0.003105300000001421
2.04184288	4.086419999999556e-6	0.007776100000000952	0.0	0.00311100000000053
2.0470539	3.3906199999999415e-6	0.007795999999999026	0.0	0.0031192000000004327
2.05221703	2.448450000000317e-6	0.007825799999999106	0.0	0.0031314999999985105
2.05733573	1.988199999999711e-6	0.007854900000005216	0.0	0.003143399999999019
2.06240814	2.4071899999995178e-6	0.007900500000005195	0.0	0.003161399999999759
2.06743562	3.1461999999999463e-6	0.007941500000001156	0.0	0.00317760000000078
2.07241842	3.862759999999875e-6	0.007993100000000197	0.0	0.0031978999999999758
2.07735653	2.7915699999997087e-6	0.008047600000004707	0.0	0.0032202000000012276
2.08225442	2.1754799999999103e-6	0.008102700000002017	0.0	0.003242499999998927
2.08711053	1.7348000000000363e-6	0.008171099999998432	0.0	0.0032700000000005502
2.09192583	2.7398599999998996e-6	0.008236400000001254	0.0	0.003295800000000071
2.0967015	4.8687399999995315e-6	0.008306400000002157	0.0	0.0033229000000005726
2.10143849	6.467100000000052e-6	0.00837290000000479	0.0	0.0033488999999988778
2.10613936	7.451460000000229e-6	0.008438900000001581	0.0	0.0033749000000007356
2.11080532	6.944329999999596e-6	0.008515400000000284	0.0	0.0034057999999994593
2.11543673	5.886299999999754e-6	0.00859750000000048	0.0	0.003439000000000192
2.12003178	5.315530000000145e-6	0.008693300000004456	0.0	0.0034776000000000806
2.12459226	3.8400099999997064e-6	0.008787000000005207	0.0	0.0035157000000012317
2.12911992	3.7023899999997015e-6	0.008880200000000116	0.0	0.003553100000001308
2.13361443	3.52785999999973e-6	0.008978100000000211	0.0	0.003592399999998719
2.13807864	2.5414699999998583e-6	0.009068500000005031	0.0	0.0036288999999989358
2.14251267	2.54751999999997e-6	0.009174500000000307	0.0	0.0036714000000017677
2.14691458	1.910899999999806e-6	0.00928970000000362	0.0	0.003717699999999269
2.15128653	2.4150800000000833e-6	0.009401700000005064	0.0	0.0037623000000017726
2.15562919	4.099199999999664e-6	0.009525700000004633	0.0	0.0038112999999988517
2.15994242	5.6262799999996435e-6	0.009645300000002521	0.0	0.0038586000000009335
2.16422943	8.115869999999505e-6	0.009757800000002703	0.0	0.0039025999999999783
2.16849009	9.879590000000209e-6	0.009881800000002272	0.0	0.003951499999999442
2.17272481	1.0184099999999488e-5	0.010008599999999035	0.0	0.0040021999999986235
2.17693461	1.0630620000000313e-5	0.01013420000000309	0.0	0.004052200000000283
2.18111939	1.0324170000000112e-5	0.010269600000000878	0.0	0.004106600000000071
2.18528045	8.831099999999543e-6	0.010406100000004415	0.0	0.00416179999999855
2.18941769	7.807339999999809e-6	0.010543600000005426	0.0	0.0042173000000005345
2.19353275	6.617460000000325e-6	0.010678500000004476	0.0	0.0042717000000003225
2.19762693	5.263129999999623e-6	0.010816900000001795	0.0	0.004327700000001045
2.20169913	4.661070000000142e-6	0.010963500000002568	0.0	0.004386600000000129
2.20574968	3.918089999999964e-6	0.011111900000003061	0.0	0.004446300000001457
2.20978004	3.923189999999535e-6	0.011268200000003503	0.0	0.0045087999999999795
2.21378918	4.017839999999502e-6	0.011433000000003801	0.0	0.004574800000000323
2.21777785	3.709289999999886e-6	0.011591299999999194	0.0	0.004638299999999873
2.22174703	4.889059999999869e-6	0.011751600000003748	0.0	0.00470200000000176
2.22569774	6.612359999999887e-6	0.011916200000001709	0.0	0.004767099999998692
2.22963057	7.962299999999915e-6	0.0120739000000043	0.0	0.0048296999999983825
2.23354632	1.0265939999999467e-5	0.012234700000000487	0.0	0.004893200000001485
2.23744506	1.2445719999999542e-5	0.012410899999999003	0.0	0.004962899999998882
2.24132821	1.3297499999999525e-5	0.012584500000002663	0.0	0.005031999999999925
2.24519613	1.4223530000000324e-5	0.012757100000001742	0.0	0.005100699999999847
2.24904855	1.4718880000000323e-5	0.012939899999999227	0.0	0.005173700000000281
2.25288699	1.3784640000000237e-5	0.01312289999999905	0.0	0.005247300000000621
2.25671238	1.2324630000000274e-5	0.013296300000000372	0.0	0.005317300000001524
2.26052448	1.0486789999999968e-5	0.013471000000002675	0.0	0.00538789999999878
2.26432386	8.194769999999955e-6	0.013652400000005116	0.0	0.00546149999999912
2.26811097	6.201539999999527e-6	0.013841300000002832	0.0	0.0055379000000002065
2.27188546	4.960519999999691e-6	0.01402940000000541	0.0	0.005613700000001387
2.27564828	4.428289999999606e-6	0.014220399999999245	0.0	0.005690399999998874
2.27939863	4.684050000000259e-6	0.01442140000000336	0.0	0.005770699999999351
2.28313761	4.806639999999605e-6	0.014620100000001912	0.0	0.005850200000001138
2.28686569	5.344939999999722e-6	0.01481610000000444	0.0	0.0059283999999983905
2.29058202	6.947339999999712e-6	0.015017700000001355	0.0	0.006008500000000083
2.29428768	8.108740000000239e-6	0.015221300000000326	0.0	0.006089500000001635
2.29798406	9.431849999999922e-6	0.015426400000002616	0.0	0.006171099999999541
2.30167143	1.2390739999999789e-5	0.015639499999998918	0.0	0.00625519999999824
2.30535077	1.4656139999999485e-5	0.015856100000000595	0.0	0.006340999999999042
2.30902342	1.6175440000000194e-5	0.016073900000002084	0.0	0.0064275999999985345
2.31268896	1.7823200000000212e-5	0.0162912999999989	0.0	0.006513900000001627
2.31634838	1.8484170000000223e-5	0.016504799999999875	0.0	0.00659909999999897
2.32000194	1.7218670000000193e-5	0.01671370000000394	0.0	0.006683299999998837
2.32364981	1.5620049999999844e-5	0.016919200000003798	0.0	0.006766100000000108
2.3272936	1.3122339999999469e-5	0.01712850000000543	0.0	0.006850899999999882
2.3309339	9.984969999999802e-6	0.01734569999999991	0.0	0.006939100000000309
2.3345699	7.594940000000237e-6	0.017568000000004247	0.0	0.007029100000000454
2.33820016	6.321349999999573e-6	0.017796199999999374	0.0	0.007120900000000319
2.34182491	6.043479999999664e-6	0.018035400000002255	0.0	0.007216799999998358
2.34544386	6.372630000000233e-6	0.018276700000001256	0.0	0.007313199999998687
2.34905725	6.757989999999978e-6	0.018508000000004188	0.0	0.007405599999998458
2.35266666	7.191379999999491e-6	0.01873859999999894	0.0	0.007497799999999444
2.35627306	7.937979999999949e-6	0.018978799999999296	0.0	0.007593599999999867
2.35987869	8.117059999999954e-6	0.019218700000003253	0.0	0.007689599999999075
2.36348343	8.594719999999514e-6	0.01946200000000431	0.0	0.007786800000001648
2.36708517	1.0947570000000191e-5	0.019716999999999985	0.0	0.007887900000000059
2.3706852	1.3937890000000237e-5	0.019971099999999353	0.0	0.007988399999998563
2.37428572	1.605795999999951e-5	0.020217299999998772	0.0	0.008086099999999874
2.37788569	1.8516849999999745e-5	0.020453500000002123	0.0	0.008179699999999457
2.38148532	2.0026359999999674e-5	0.020686500000003605	0.0	0.00827239999999918
2.3850873	1.9762549999999962e-5	0.020932399999999518	0.0	0.008370899999999182
2.38869097	1.7972889999999693e-5	0.02118250000000188	0.0	0.008471700000001192
2.39229618	1.545067000000011e-5	0.021429900000001112	0.0	0.008571799999998575
2.39590245	1.340361999999963e-5	0.02169770000000426	0.0	0.00867979999999946
2.39950883	1.2093260000000175e-5	0.02197720000000203	0.0	0.008792199999998473
2.40311826	9.885880000000229e-6	0.022238900000004946	0.0	0.008897799999999734
2.40673099	8.468430000000207e-6	0.022493300000000715	0.0	0.009000199999999126
2.41034567	8.595890000000043e-6	0.022748499999998728	0.0	0.009102299999998564
2.4139646	7.482429999999644e-6	0.02300639999999987	0.0	0.009205999999998937
2.41758771	6.0991600000000895e-6	0.02327730000000372	0.0	0.00931500000000085
2.42121257	6.43711000000019e-6	0.02354660000000308	0.0	0.009422600000000614
2.42484041	6.9767600000001165e-6	0.02382289999999898	0.0	0.009533000000001124
2.42847201	8.089149999999587e-6	0.02411870000000249	0.0	0.00965100000000163
2.43210615	1.0174639999999992e-5	0.024400700000001052	0.0	0.009762999999999522
2.43574513	1.2588410000000105e-5	0.0246685000000042	0.0	0.009869299999998304
2.43938891	1.544564000000026e-5	0.02494649999999865	0.0	0.009979399999998861
2.44303766	1.77557200000001e-5	0.02522520000000128	0.0	0.010090000000001709
2.44669445	1.8296779999999596e-5	0.025505100000003722	0.0	0.010201800000000816
2.45035699	1.884309999999976e-5	0.025791600000005133	0.0	0.010316299999999501
2.45402554	1.913586999999998e-5	0.026076100000004487	0.0	0.010430100000000664
2.45770357	1.7877230000000292e-5	0.026370800000002248	0.0	0.01054849999999874
2.46139015	1.6180099999999788e-5	0.02665749999999889	0.0	0.010663999999998452
2.46508474	1.4066459999999975e-5	0.026927200000002927	0.0	0.010772800000001581
2.46878907	1.2172349999999867e-5	0.027212900000002094	0.0	0.010887900000000172
2.47250173	1.0808809999999537e-5	0.02750660000000238	0.0	0.011005999999998295
2.47622331	8.899300000000249e-6	0.027797700000000702	0.0	0.01112330000000128
2.47995447	7.886649999999489e-6	0.028100700000003087	0.0	0.01124499999999884
2.48369073	8.151419999999701e-6	0.028414300000001447	0.0	0.011370400000000558
2.48743541	8.275690000000141e-6	0.028729400000003125	0.0	0.011496499999999799
2.4911913	8.192619999999873e-6	0.02902999999999878	0.0	0.011616799999998761
2.49495417	8.236329999999556e-6	0.029324899999998877	0.0	0.011734799999999268
2.49872645	9.280730000000084e-6	0.029627400000002524	0.0	0.011855499999999353
2.5025092	1.0331899999999582e-5	0.029923500000002434	0.0	0.011973600000001028
2.50630035	1.151103999999948e-5	0.030221400000002063	0.0	0.012092400000000225
2.51010159	1.3548629999999597e-5	0.030528199999999117	0.0	0.012214400000001291
2.51391142	1.6164170000000123e-5	0.03084739999999897	0.0	0.012341100000000438
2.5177317	1.823847000000014e-5	0.031164500000002704	0.0	0.012467199999999679
2.52156789	1.8912680000000154e-5	0.03146650000000051	0.0	0.012587799999998595
2.52541615	1.9033590000000142e-5	0.03178390000000064	0.0	0.012714800000001247
2.52927849	1.8531910000000283e-5	0.032092200000001014	0.0	0.012838399999999695
2.53315883	1.5008819999999708e-5	0.03239510000000223	0.0	0.012961099999998282
2.53705076	1.2165389999999922e-5	0.03271750000000395	0.0	0.013091200000001635
2.54095485	1.1075079999999828e-5	0.03303070000000474	0.0	0.013217099999998538
2.54487388	9.60817999999964e-6	0.03334170000000114	0.0	0.013342099999999135
2.54880744	7.994309999999512e-6	0.03364720000000432	0.0	0.01346500000000006
2.55275367	7.256719999999481e-6	0.03395290000000273	0.0	0.013587699999998648
2.55671278	7.244899999999874e-6	0.0342583999999988	0.0	0.013709999999999667
2.56068374	6.561129999999894e-6	0.03456710000000385	0.0	0.01383390000000162
2.5646655	6.383579999999847e-6	0.0348961999999986	0.0	0.01396569999999997
2.56865622	8.166399999999692e-6	0.03522970000000214	0.0	0.014098400000001732
2.57265413	1.044515999999978e-5	0.03555850000000049	0.0	0.014229199999999054
2.57666988	1.2529899999999712e-5	0.03588160000000329	0.0	0.014357700000001472
2.58070155	1.4957429999999487e-5	0.036197399999998936	0.0	0.014483099999999638
2.58475085	1.7288729999999537e-5	0.03649920000000151	0.0	0.014602899999999863
2.58882146	1.8038150000000003e-5	0.03680320000000137	0.0	0.014724300000001023
2.59290822	1.7252550000000123e-5	0.03710680000000366	0.0	0.01484620000000092
2.5970137	1.6048460000000174e-5	0.0374090000000038	0.0	0.014967599999998527
2.60113388	1.403458999999982e-5	0.03771610000000436	0.0	0.015091399999999311
2.60526988	1.2130620000000078e-5	0.038023800000004826	0.0	0.015215300000001264
2.60942482	1.0308310000000168e-5	0.03832600000000497	0.0	0.015336999999998824
2.61359749	8.610719999999766e-6	0.03863030000000123	0.0	0.015459400000001011
2.61778398	7.371360000000236e-6	0.038939599999999075	0.0	0.015583800000001702
2.6219867	6.690640000000213e-6	0.03923560000000492	0.0	0.01570249999999973
2.62620205	6.5294399999998864e-6	0.039544599999999264	0.0	0.015826300000000515
2.6304266	7.006890000000286e-6	0.0398524000000009	0.0	0.015949299999999056
2.63466988	8.110310000000037e-6	0.040139799999998615	0.0	0.01606389999999891
2.63892931	8.480140000000254e-6	0.04043280000000493	0.0	0.016180999999999557
2.64320823	9.488069999999925e-6	0.04072770000000503	0.0	0.01629870000000011
2.64750399	1.1255959999999579e-5	0.04101570000000265	0.0	0.016413199999998795
2.65181861	1.2850969999999608e-5	0.041293800000005376	0.0	0.01652389999999926
2.65615125	1.458605000000026e-5	0.04159359999999879	0.0	0.016643200000000746
2.66049682	1.5384460000000127e-5	0.04186729999999983	0.0	0.016752400000001444
2.66486483	1.50925100000001e-5	0.04213010000000139	0.0	0.0168576999999992
2.66925385	1.348785999999956e-5	0.04238000000000142	0.0	0.01695840000000004
2.6736651	1.0963549999999656e-5	0.04263140000000476	0.0	0.017060099999998357
2.67809827	9.005680000000182e-6	0.04288060000000371	0.0	0.017160600000000414
2.68255018	7.021920000000077e-6	0.04313480000000425	0.0	0.017263100000000975
2.68701859	6.6894199999998835e-6	0.04340270000000146	0.0	0.0173704999999984
2.69150124	6.613059999999692e-6	0.04365510000000228	0.0	0.017471600000000365
2.69599593	6.89984999999952e-6	0.043912400000003515	0.0	0.017574499999998494
2.70050884	7.112329999999639e-6	0.04415330000000495	0.0	0.017670800000001208
2.70503692	7.047849999999682e-6	0.04440519999999992	0.0	0.017771599999999665
2.70958523	8.465420000000091e-6	0.0446184000000045	0.0	0.01785639999999944
2.71415514	9.079450000000315e-6	0.04484000000000066	0.0	0.01794489999999982
2.71874255	1.0575300000000183e-5	0.04503820000000047	0.0	0.018023599999999362
2.7233469	1.214673999999985e-5	0.04523149999999987	0.0	0.01810040000000157
2.7279452	1.2385850000000247e-5	0.04541370000000455	0.0	0.018173199999999667
2.73253526	1.2058510000000251e-5	0.04561700000000002	0.0	0.018254699999999957
2.73711753	1.1053809999999817e-5	0.0458122000000003	0.0	0.018333200000000716
2.74169277	8.613589999999574e-6	0.04597970000000373	0.0	0.01840130000000073
2.74626165	7.461359999999702e-6	0.046168800000003785	0.0	0.018477399999998312
2.75082403	7.563859999999527e-6	0.04631040000000297	0.0	0.01853399999999894
2.75538171	8.318539999999791e-6	0.04646100000000075	0.0	0.01859400000000022
2.75993336	8.238649999999827e-6	0.046598299999999426	0.0	0.018648999999999916
2.76447923	8.581589999999938e-6	0.04674590000000478	0.0	0.01870800000000017
2.76902139	7.22902000000001e-6	0.04687930000000051	0.0	0.01876190000000122
2.77355856	6.582059999999529e-6	0.047010200000002555	0.0	0.018814599999998904
2.77809355	6.550549999999669e-6	0.04714729999999889	0.0	0.018869399999999814
2.78262446	6.941919999999685e-6	0.047245400000001325	0.0	0.01890859999999961
2.7871543	8.74363999999947e-6	0.04734640000000212	0.0	0.018948300000001694
2.79168112	9.300999999999754e-6	0.047439500000002965	0.0	0.01898530000000065
2.79620741	1.0894229999999956e-5	0.047500500000005275	0.0	0.019009100000001666
2.80073326	1.0029029999999821e-5	0.0475797	0.0	0.019041099999999034
2.80525797	9.790989999999486e-6	0.04763200000000012	0.0	0.019062200000000473
2.80978338	8.358570000000301e-6	0.047691400000005046	0.0	0.01908650000000023
2.81430872	7.755939999999628e-6	0.04773649999999918	0.0	0.01910480000000092
2.81883536	7.86380999999968e-6	0.04778320000000491	0.0	0.019123499999999183
2.82336287	8.414400000000127e-6	0.047842200000005164	0.0	0.01914689999999908
2.82789234	8.553899999999559e-6	0.04786210000000324	0.0	0.019154799999999028
2.83242381	1.0096739999999882e-5	0.04792040000000242	0.0	0.019177500000001402
2.83695749	8.935449999999782e-6	0.04793409999999909	0.0	0.019183399999999295
2.84149423	8.33502999999982e-6	0.047936499999998716	0.0	0.019184599999999108
2.84603505	7.185239999999739e-6	0.04794980000000493	0.0	0.019190399999999386
2.85057854	6.8422000000000274e-6	0.047922599999999704	0.0	0.01917969999999869
2.85512821	6.9989599999998806e-6	0.047917400000002885	0.0	0.019177500000001402
2.85968146	8.240209999999665e-6	0.04787790000000314	0.0	0.019161199999999212
2.86424212	8.966489999999785e-6	0.04785280000000114	0.0	0.019150899999999638
2.86880833	8.468609999999488e-6	0.04782430000000204	0.0	0.019139700000000204
2.87338247	8.78599000000025e-6	0.04777570000000253	0.0	0.01912009999999853
2.87796267	8.192429999999765e-6	0.047747000000001094	0.0	0.01910880000000148
2.88255045	7.876669999999468e-6	0.04767850000000351	0.0	0.01908149999999864
2.88714526	8.92058000000022e-6	0.047616800000000126	0.0	0.019056400000000195
2.89174868	9.018240000000302e-6	0.047559100000000853	0.0	0.019033300000000253
2.89636017	9.792039999999627e-6	0.0474622999999994	0.0	0.018994200000001626
2.90098254	1.099200999999956e-5	0.0474202000000048	0.0	0.01897689999999841
2.90561295	1.0806230000000305e-5	0.04731999999999914	0.0	0.018936899999999923
2.91025577	1.0527859999999792e-5	0.04724490000000259	0.0	0.01890690000000106
2.91490773	8.976130000000297e-6	0.04715180000000174	0.0	0.018870299999999673
2.91957206	7.533629999999757e-6	0.04704399999999964	0.0	0.018827699999999226
2.9242472	6.478449999999802e-6	0.046949300000001415	0.0	0.018790200000001533
2.92893531	7.133369999999702e-6	0.04682550000000418	0.0	0.018740399999998658
2.93363588	8.181870000000327e-6	0.04670360000000073	0.0	0.018691199999999242
2.93835067	7.6123799999999395e-6	0.04658170000000439	0.0	0.01864259999999973
2.94307856	8.809499999999984e-6	0.0464237000000054	0.0	0.018578900000001397
2.94782215	7.938279999999617e-6	0.04631400000000241	0.0	0.01853529999999992
2.95257923	8.942589999999875e-6	0.046151700000002904	0.0	0.018470000000000653
2.957353	1.0398509999999701e-5	0.046042499999998654	0.0	0.018425700000001655
2.96214153	1.1556700000000045e-5	0.04590260000000512	0.0	0.018369199999998642
2.96694711	1.2213799999999907e-5	0.04576529999999934	0.0	0.018314000000000163
2.97176864	1.2348080000000247e-5	0.04562630000000212	0.0	0.018258299999999394
2.9766082	1.0672909999999598e-5	0.045446800000000565	0.0	0.01818709999999868
2.98146591	1.0517590000000063e-5	0.04529700000000503	0.0	0.018127199999998567
2.98634218	7.260490000000029e-6	0.04512199999999922	0.0	0.018058499999998645
2.99123886	8.691239999999816e-6	0.044974700000004475	0.0	0.017998899999998486
2.99615389	7.299990000000055e-6	0.04482420000000076	0.0	0.017939299999998326
3.00108994	9.197350000000187e-6	0.04465170000000285	0.0	0.01786949999999976
3.00604593	8.710030000000195e-6	0.04449530000000124	0.0	0.01780700000000124
3.01102404	7.968340000000067e-6	0.044309099999999546	0.0	0.017732800000000992
3.01602349	8.099149999999528e-6	0.04413170000000122	0.0	0.017661700000001446
3.02104637	7.908269999999835e-6	0.04397289999999998	0.0	0.017598199999998343
3.02609149	9.2070900000003e-6	0.043770299999998485	0.0	0.017516600000000437
3.03116255	1.0668559999999633e-5	0.04362520000000103	0.0	0.017458000000001306
3.03625711	1.358456000000001e-5	0.043423600000004114	0.0	0.017376099999999894
3.04137826	1.3212860000000326e-5	0.04329640000000268	0.0	0.017325400000000712
3.04652321	1.2744409999999526e-5	0.04313240000000462	0.0	0.017259899999999107
3.05169402	1.0040819999999548e-5	0.04299660000000216	0.0	0.017206600000001515
3.05689159	7.835419999999496e-6	0.04283709999999985	0.0	0.01714369999999832
3.0621164	8.251879999999871e-6	0.042648100000000966	0.0	0.017067799999999522
3.06737125	7.840389999999586e-6	0.0424798000000024	0.0	0.017000599999999366
3.07265434	8.052889999999625e-6	0.042296900000003745	0.0	0.01692729999999898
3.07796795	7.823819999999877e-6	0.04216219999999993	0.0	0.016873499999999098
3.08331122	7.434540000000184e-6	0.04200750000000397	0.0	0.01681170000000165
3.08868639	8.773369999999503e-6	0.041891200000002016	0.0	0.016764599999998353
3.09409314	9.058349999999625e-6	0.04172369999999859	0.0	0.016697499999999366
3.09953288	1.0931369999999871e-5	0.04161950000000303	0.0	0.016655000000000086
3.10500459	1.1341599999999986e-5	0.0414740000000009	0.0	0.01659659999999974
3.11051026	1.1722839999999714e-5	0.04138590000000164	0.0	0.01656120000000172
3.11605059	1.0705320000000199e-5	0.04126080000000343	0.0	0.016511500000000012
3.12162703	9.970300000000307e-6	0.04114590000000362	0.0	0.016465900000000033
3.12724128	8.152049999999786e-6	0.04104930000000451	0.0	0.01642790000000005
3.13289155	8.272689999999985e-6	0.040967900000005386	0.0	0.016395299999999224
3.13858033	7.410470000000086e-6	0.04093329999999895	0.0	0.016381800000001334
3.14430595	9.765089999999761e-6	0.04083669999999984	0.0	0.016342200000000418
3.15007382	8.301689999999466e-6	0.040767600000002346	0.0	0.016315099999999916
3.15588153	8.716859999999792e-6	0.0406711000000044	0.0	0.016276300000001243
3.161732	6.588410000000176e-6	0.040656800000000715	0.0	0.016271400000000824
3.16762307	1.087001999999955e-5	0.040662500000003376	0.0	0.01627200000000073
3.17355735	1.0803099999999802e-5	0.04065489999999983	0.0	0.0162690000000012
3.17951267	1.299256000000023e-5	0.040670699999999727	0.0	0.016274400000000355
3.18538967	7.4351800000002286e-6	0.04065700000000305	0.0	0.01627110000000087
3.19117912	7.993989999999923e-6	0.040741000000004135	0.0	0.016304500000000388
3.1968796	6.3415299999996025e-6	0.04076360000000534	0.0	0.016314300000001225
3.20249884	9.924369999999953e-6	0.040841300000003855	0.0	0.016343899999998968
3.20803619	1.0020440000000318e-5	0.04084220000000016	0.0	0.01634430000000009
3.21349459	1.1658559999999825e-5	0.04094960000000469	0.0	0.016386600000000584
3.21887083	9.684890000000168e-6	0.04103470000000442	0.0	0.016421499999999867
3.22417094	1.056943000000022e-5	0.041185099999999863	0.0	0.01648129999999881
3.2293953	7.848319999999992e-6	0.041275400000003515	0.0	0.016518500000000103
3.23454676	9.926240000000287e-6	0.04140780000000177	0.0	0.01657069999999905
3.23962392	8.024249999999573e-6	0.04149860000000416	0.0	0.016607799999999173
3.244626	9.674079999999995e-6	0.04166370000000086	0.0	0.01667319999999961
3.24955414	7.877180000000032e-6	0.04183150000000069	0.0	0.01674110000000084
3.25441349	8.33993000000019e-6	0.04198660000000132	0.0	0.016802999999999457
3.25920209	8.12376000000007e-6	0.04222450000000322	0.0	0.016898300000001143
3.26392206	8.509299999999963e-6	0.04236540000000133	0.0	0.016954599999998266
3.26857657	1.2542859999999968e-5	0.042585899999998844	0.0	0.01704120000000131
3.27316338	1.1938659999999497e-5	0.04277240000000404	0.0	0.01711609999999908
3.27769077	1.4254119999999523e-5	0.04292500000000388	0.0	0.017176299999999145
3.28215824	1.4430470000000029e-5	0.04317110000000213	0.0	0.01727470000000153
3.2865636	1.2889779999999788e-5	0.04336500000000143	0.0	0.017352899999998783
3.29090924	1.4026270000000104e-5	0.043587800000004506	0.0	0.0174416000000015
3.29519303	1.2089699999999655e-5	0.0438381000000021	0.0	0.017542599999998743
3.2994195	1.1768500000000279e-5	0.04403429999999986	0.0	0.017621299999998286
3.3035911	1.2050599999999766e-5	0.04427780000000325	0.0	0.017718699999999643
3.30770696	9.324849999999864e-6	0.04453459999999865	0.0	0.017822500000001185
3.31176897	8.667680000000282e-6	0.0447838000000047	0.0	0.017922599999998567
3.31577403	9.28640999999994e-6	0.04510619999999932	0.0	0.01805129999999977
3.31972326	8.22569999999953e-6	0.04538780000000031	0.0	0.018164500000001027
3.32362364	8.905879999999977e-6	0.04561010000000465	0.0	0.01825320000000019
3.32747517	1.1406789999999709e-5	0.04588740000000513	0.0	0.01836319999999958
3.33127737	1.1529209999999734e-5	0.04614570000000384	0.0	0.01846649999999883
3.33503488	1.1628510000000203e-5	0.046355000000005475	0.0	0.01855030000000113
3.3387452	1.4533679999999619e-5	0.04665410000000492	0.0	0.018668800000000374
3.34240464	1.5841329999999494e-5	0.046985300000002894	0.0	0.018800899999998677
3.3460186	1.6979859999999465e-5	0.04724620000000357	0.0	0.018904899999999003
3.34959195	1.961070999999953e-5	0.047524400000000355	0.0	0.019015199999998345
3.35312198	2.1851899999999688e-5	0.04785530000000193	0.0	0.019146700000000294
3.35660892	1.994887999999962e-5	0.048136800000001756	0.0	0.019260100000000335
3.36005785	1.8649109999999483e-5	0.04838349999999991	0.0	0.019359399999999027
3.36346788	1.8638789999999954e-5	0.04869040000000524	0.0	0.019482299999999952
3.36683604	1.4861689999999539e-5	0.04902620000000013	0.0	0.01961820000000003
3.37016383	1.210035999999956e-5	0.049315200000002335	0.0	0.019735000000000724
3.37345604	1.1674740000000225e-5	0.049597699999999634	0.0	0.019848199999998428
3.3767126	1.1693450000000057e-5	0.049924799999999436	0.0	0.01997920000000164
3.37993114	9.966699999999946e-6	0.05025540000000461	0.0	0.020112199999999802
3.38311321	9.73013999999977e-6	0.05054580000000186	0.0	0.02022850000000176
3.38625995	1.0812100000000269e-5	0.05084289999999925	0.0	0.020347000000001003
3.38937148	1.1581999999999565e-5	0.05116130000000396	0.0	0.020474100000001272
3.3924496	1.2205270000000164e-5	0.051463800000000504	0.0	0.02059500000000014
3.3954976	1.2589260000000178e-5	0.05174440000000402	0.0	0.0207070999999992
3.39851547	1.364226000000017e-5	0.0520533000000043	0.0	0.020830400000001248
3.401502	1.4625570000000206e-5	0.05238710000000424	0.0	0.020963600000001748
3.40445861	1.6024249999999768e-5	0.05271110000000334	0.0	0.02109270000000052
3.40738676	1.7195979999999784e-5	0.05303690000000216	0.0	0.02122269999999915
3.41028316	1.982451999999954e-5	0.05339470000000546	0.0	0.021364800000000628
3.41314703	2.2314980000000262e-5	0.053741200000004596	0.0	0.021502500000000424
3.41598312	2.4476320000000294e-5	0.05404810000000282	0.0	0.02162450000000149
3.41879538	2.6179070000000026e-5	0.054341700000001936	0.0	0.0217413999999998
3.4215841	2.7578870000000318e-5	0.05466090000000179	0.0	0.021868600000001237
3.424349	2.718442999999956e-5	0.05497660000000337	0.0	0.0219951000000016
3.42709205	2.4014309999999782e-5	0.05526410000000226	0.0	0.022111500000001172
3.429814	2.1407480000000013e-5	0.055548500000000445	0.0	0.02222629999999981
3.43251362	1.9970470000000087e-5	0.05587350000000413	0.0	0.022356999999999516
3.43518849	1.9170449999999714e-5	0.056235900000004335	0.0	0.022502400000000478
3.4378386	1.591582000000022e-5	0.05658730000000389	0.0	0.022644299999999618
3.4404651	1.4701619999999901e-5	0.05691279999999921	0.0	0.022775100000000492
3.44306943	1.4779250000000223e-5	0.057228000000002055	0.0	0.0229013000000009
3.44565397	1.6712890000000237e-5	0.05756099999999975	0.0	0.023033800000000326
3.4482198	1.6336189999999716e-5	0.0579053000000016	0.0	0.023171699999998907
3.45076706	1.5163339999999838e-5	0.05823140000000393	0.0	0.023302699999998566
3.45329553	1.4709830000000056e-5	0.058536799999998834	0.0	0.023425100000000754
3.45580562	1.4564560000000261e-5	0.05884560000000505	0.0	0.02354880000000037
3.45829686	1.4798969999999488e-5	0.05918630000000036	0.0	0.02368510000000157
3.46076791	1.3678129999999955e-5	0.05954110000000412	0.0	0.023827600000000615
3.46321984	1.352526000000017e-5	0.059877800000002424	0.0	0.023962399999998496
3.4656546	1.3813350000000009e-5	0.06020450000000466	0.0	0.024093100000001755
3.46807243	1.5609869999999755e-5	0.060543200000005015	0.0	0.024227899999999636
3.47047254	1.7500959999999788e-5	0.060898800000003916	0.0	0.024369499999998823
3.47285565	1.9249150000000097e-5	0.06124750000000034	0.0	0.02450839999999843
3.47522493	2.1649949999999994e-5	0.06157190000000412	0.0	0.02463729999999842
3.47758251	2.329084999999967e-5	0.06189300000000486	0.0	0.02476520000000093
3.47992725	2.5896679999999964e-5	0.06222490000000391	0.0	0.02489699999999928
3.48225793	2.8036470000000237e-5	0.06255440000000334	0.0	0.02502799999999894
3.4845752	2.972394000000031e-5	0.0628738999999996	0.0	0.025155200000000377
3.4868804	3.1004060000000035e-5	0.06319570000000141	0.0	0.02528350000000046
3.48917427	3.159893999999958e-5	0.06354019999999849	0.0	0.025421099999999086
3.49145647	3.261967000000015e-5	0.06390490000000426	0.0	0.025566699999998832
3.49372832	3.187419999999951e-5	0.06425750000000363	0.0	0.025708200000000403
3.4959924	3.0466320000000283e-5	0.06459070000000366	0.0	0.025842099999998425
3.49824892	2.8925459999999854e-5	0.0649310000000014	0.0	0.02597889999999836
3.50049574	2.7149489999999527e-5	0.06529370000000512	0.0	0.026124800000001613
3.50273185	2.6389329999999475e-5	0.06567060000000424	0.0	0.0262759999999993
3.50495883	2.3840229999999747e-5	0.06603510000000057	0.0	0.026422900000000027
3.50717853	2.1056690000000045e-5	0.06637330000000219	0.0	0.02655940000000001
3.50938989	1.9291379999999622e-5	0.06670150000000064	0.0	0.026691499999998314
3.51159008	1.8269329999999993e-5	0.06703819999999894	0.0	0.02682670000000087
3.51377923	1.88703400000002e-5	0.06737869999999901	0.0	0.026962699999998563
3.51596038	1.777572999999994e-5	0.06771580000000199	0.0	0.027098099999999903
3.51813559	1.6480979999999694e-5	0.0680499999999995	0.0	0.027232399999999046
3.52030447	1.576619999999959e-5	0.06838520000000159	0.0	0.02736679999999936
3.52246616	1.5211589999999595e-5	0.06873050000000092	0.0	0.027505300000001398
3.52462117	1.642750000000002e-5	0.06908370000000019	0.0	0.02764619999999951
3.52677071	1.6066359999999773e-5	0.06944060000000007	0.0	0.027789200000000847
3.52891415	1.5514109999999887e-5	0.06980890000000528	0.0	0.027936799999999096
3.53104872	1.601008000000001e-5	0.07019660000000272	0.0	0.028091799999998557
3.53317316	1.7088900000000046e-5	0.07059480000000207	0.0	0.028250799999998577
3.53528922	2.003062e-5	0.07099110000000053	0.0	0.028408200000001216
3.53739955	2.152350999999955e-5	0.07137949999999904	0.0	0.02856309999999951
3.53950515	2.3391880000000163e-5	0.07175550000000186	0.0	0.028712899999998598
3.54160557	2.6358629999999848e-5	0.07212350000000356	0.0	0.028859000000000634
3.54370108	2.8680609999999843e-5	0.07248849999999862	0.0	0.029004100000001642
3.54579427	3.1996720000000006e-5	0.07285240000000215	0.0	0.029148500000001576
3.54788824	3.3359369999999555e-5	0.07321689999999847	0.0	0.02929380000000137
3.54998353	3.392191999999992e-5	0.0735866999999999	0.0	0.029441599999998402
3.55207846	3.505502999999986e-5	0.0739584000000022	0.0	0.029589999999998895
3.55417169	3.53657199999996e-5	0.07433140000000549	0.0	0.02973920000000163
3.55626353	3.6756130000000116e-5	0.07470730000000003	0.0	0.02988900000000072
3.55835445	3.6226040000000154e-5	0.0750844000000015	0.0	0.030040199999998407
3.56044384	3.487841999999953e-5	0.0754629000000051	0.0	0.030192299999999506
3.56253009	3.469500999999948e-5	0.07585080000000488	0.0	0.03034759999999892
3.56461301	3.369202999999998e-5	0.07624990000000054	0.0	0.030507799999998753
3.56669476	3.404104000000012e-5	0.0766465000000025	0.0	0.030666300000000035
3.56877807	3.2910320000000166e-5	0.07703010000000177	0.0	0.03082029999999847
3.5708638	3.0514100000000183e-5	0.0773986000000022	0.0	0.03096880000000013
3.572951	2.9074619999999718e-5	0.07776120000000475	0.0	0.031114500000001044
3.57503864	2.695532999999993e-5	0.07813080000000383	0.0	0.031263299999999106
3.57712675	2.665224000000018e-5	0.07851660000000038	0.0	0.031417900000001
3.57921615	2.5225159999999608e-5	0.07891640000000422	0.0	0.0315784999999984
3.5813068	2.2974440000000235e-5	0.07932730000000277	0.0	0.031743899999998604
3.58339742	2.1918600000000316e-5	0.07974510000000379	0.0	0.03191149999999965
3.58548655	2.0125769999999703e-5	0.080165700000002	0.0	0.03208060000000046
3.58757381	2.037253999999985e-5	0.08059080000000307	0.0	0.032250699999998744
3.58965951	1.9904329999999824e-5	0.08102860000000334	0.0	0.03242609999999857
3.59174416	1.9502030000000115e-5	0.08148130000000009	0.0	0.03260750000000101
3.59382828	2.0541609999999953e-5	0.08194269999999904	0.0	0.032791700000000645
3.59591279	2.06489299999996e-5	0.08240400000000392	0.0	0.0329763000000014
3.59799917	2.2069320000000017e-5	0.08284799999999848	0.0	0.033153500000000946
3.60008884	2.2017229999999992e-5	0.08326300000000231	0.0	0.03331959999999867
3.60218199	2.2455450000000154e-5	0.08365429999999918	0.0	0.03347610000000145
3.60427776	2.3957600000000003e-5	0.08404560000000316	0.0	0.03363209999999839
3.60637535	2.5058060000000305e-5	0.08445449999999965	0.0	0.033795300000001305
3.6084747	2.834291999999957e-5	0.0848803000000018	0.0	0.03396449999999973
3.61057648	2.9235659999999816e-5	0.08530809999999889	0.0	0.03413529999999909
3.61268116	3.0332779999999587e-5	0.08572940000000528	0.0	0.03430350000000004
3.61478856	3.198920999999966e-5	0.08615010000000467	0.0	0.03447129999999987
3.61689821	3.37230400000001e-5	0.08658009999999905	0.0	0.03464269999999914
3.61901037	3.719565000000029e-5	0.08702519999999936	0.0	0.03481950000000111
3.62112604	3.857585999999993e-5	0.08749050000000125	0.0	0.035005200000000514
3.62324697	4.0918899999999904e-5	0.08797520000000247	0.0	0.035198300000001126
3.62537488	4.136708000000017e-5	0.08846290000000323	0.0	0.03539329999999907
3.62751032	4.160525999999994e-5	0.08893330000000077	0.0	0.035581499999999266
3.62965203	4.160971999999947e-5	0.08937889999999982	0.0	0.03575980000000101
3.63179804	3.971675999999997e-5	0.08981400000000406	0.0	0.03593479999999971
3.63394742	3.9287719999999554e-5	0.09025510000000025	0.0	0.03611150000000052
3.63610077	3.731618000000006e-5	0.09071300000000093	0.0	0.036295599999998984
3.63825888	3.64162799999998e-5	0.09118730000000141	0.0	0.036485800000001234
3.64042075	3.288957999999977e-5	0.09167270000000372	0.0	0.036681500000000256
3.64258497	3.015353000000026e-5	0.09215809999999891	0.0	0.036876899999999324
3.64475222	2.858521000000027e-5	0.0926361	0.0	0.03706890000000129
3.64692517	2.7420809999999587e-5	0.09311480000000216	0.0	0.03726089999999971
3.64910546	2.791201999999965e-5	0.09360819999999848	0.0	0.037458199999999664
3.65129267	2.651185999999993e-5	0.09412540000000291	0.0	0.037665799999999194
3.65348637	2.6271129999999934e-5	0.0946517	0.0	0.03787660000000059
3.65568832	2.449201000000005e-5	0.09515809999999902	0.0	0.03808000000000078
3.65790041	2.416534999999994e-5	0.09562749999999909	0.0	0.038267999999998636
3.66011991	2.275001000000016e-5	0.09607929999999953	0.0	0.03844940000000108
3.66234104	2.2704339999999636e-5	0.09654330000000044	0.0	0.03863510000000048
3.66456154	2.2872519999999827e-5	0.09702770000000527	0.0	0.03882899999999978
3.66678444	2.402968999999991e-5	0.09752170000000149	0.0	0.039026299999999736
3.66901227	2.4128390000000173e-5	0.0980210000000028	0.0	0.039226100000000486
3.67124255	2.3577460000000217e-5	0.09854150000000317	0.0	0.039434599999999875
3.67347159	2.5084540000000315e-5	0.09908030000000423	0.0	0.039649699999998234
3.67570157	2.7377309999999933e-5	0.09961140000000057	0.0	0.03986139999999949
3.67793905	3.0734909999999976e-5	0.10013520000000398	0.0	0.0400697000000001
3.68018611	3.210326000000017e-5	0.10068790000000405	0.0	0.04029039999999995
3.6824394	3.436640000000022e-5	0.10127220000000392	0.0	0.04052340000000143
3.68469724	3.529555999999979e-5	0.10183520000000357	0.0	0.04074839999999824
3.68696237	3.780094999999983e-5	0.10233820000000549	0.0	0.04094870000000128
3.68923636	3.817232999999993e-5	0.10281400000000218	0.0	0.04113900000000115
3.69151508	3.9991090000000146e-5	0.10332060000000354	0.0	0.041340999999999184
3.69379397	4.099358999999983e-5	0.10385260000000329	0.0	0.0415536000000003
3.69607489	4.35661900000002e-5	0.10437220000000025	0.0	0.041760599999999926
3.6983631	4.230968999999977e-5	0.1048881000000037	0.0	0.04196759999999955
3.7006603	4.217406999999958e-5	0.10542260000000425	0.0	0.042181599999999264
3.7029657	4.060613999999976e-5	0.10596629999999863	0.0	0.04239979999999832
3.7052796	4.1088429999999905e-5	0.10650139999999908	0.0	0.04261380000000159
3.70760398	3.909062999999952e-5	0.10704919999999873	0.0	0.042833900000001535
3.70994088	3.837918999999995e-5	0.10763430000000085	0.0	0.04306839999999923
3.7122911	3.5347619999999934e-5	0.10822449999999861	0.0	0.04330579999999884
3.71465425	3.352351000000028e-5	0.10876830000000126	0.0	0.043524200000000235
3.7170262	2.91512999999995e-5	0.10929240000000107	0.0	0.043735800000000324
3.71940039	2.765013000000007e-5	0.10984330000000142	0.0	0.0439569000000013
3.72177458	2.558922000000033e-5	0.11040729999999854	0.0	0.04418349999999904
3.72414983	2.6143620000000298e-5	0.11096390000000156	0.0	0.04440609999999978
3.7265255	2.436668999999947e-5	0.11153500000000349	0.0	0.04463540000000066
3.72889978	2.3547429999999647e-5	0.11213630000000308	0.0	0.044876399999999705
3.73127526	2.303659999999992e-5	0.11272480000000229	0.0	0.04511219999999838
3.73365694	2.3992510000000154e-5	0.11327789999999993	0.0	0.04533310000000057
3.73604434	2.4412189999999806e-5	0.11385940000000261	0.0	0.045565799999998546
3.73843435	2.6124970000000226e-5	0.114477100000002	0.0	0.04581230000000147
3.74083093	2.8335059999999752e-5	0.11505319999999841	0.0	0.046041999999999916
3.74324016	2.8017079999999653e-5	0.11557200000000023	0.0	0.04624979999999823
3.74565956	2.7854299999999568e-5	0.11610780000000176	0.0	0.046464300000000236
3.74808045	2.7716330000000095e-5	0.11668699999999887	0.0	0.04669630000000069
3.75049815	3.1092029999999805e-5	0.11724040000000002	0.0	0.046916400000000635
3.75291525	3.3011119999999845e-5	0.11777610000000038	0.0	0.0471301000000004
3.75533474	3.625156999999962e-5	0.1183651999999995	0.0	0.047364600000001644
3.7577596	3.72221300000003e-5	0.11897929999999945	0.0	0.04760999999999882
3.76019088	4.0142160000000184e-5	0.1195671000000047	0.0	0.047844099999998946
3.76262535	4.1267900000000086e-5	0.12016870000000068	0.0	0.04808450000000164
3.76506383	4.367452000000015e-5	0.1208170000000024	0.0	0.04834299999999914
3.76751431	4.645394999999979e-5	0.12143230000000216	0.0	0.04858820000000108
3.76998245	4.706010000000028e-5	0.12197910000000434	0.0	0.04880680000000126
3.77246415	4.348971999999958e-5	0.12255710000000164	0.0	0.049039600000000405
3.77495412	3.981856999999995e-5	0.12316990000000061	0.0	0.04928639999999973
3.77745218	3.815545999999968e-5	0.1237303000000054	0.0	0.049511400000000094
3.77995504	3.508296000000015e-5	0.12426590000000459	0.0	0.04972700000000074
3.78245901	3.3481089999999776e-5	0.12485420000000147	0.0	0.04996309999999937
3.78496619	3.128749000000028e-5	0.12544780000000344	0.0	0.05020160000000118
3.78747859	2.9599089999999585e-5	0.12598760000000198	0.0	0.05041830000000047
3.78999291	2.5522049999999845e-5	0.12655940000000498	0.0	0.050648899999998775
3.79250796	2.4751519999999597e-5	0.12717179999999928	0.0	0.050894299999999504
3.79502683	2.5717169999999942e-5	0.12773630000000225	0.0	0.051119899999999774
3.79754936	2.5703089999999824e-5	0.12827650000000546	0.0	0.05133610000000033
3.8000778	2.526771999999955e-5	0.128874500000002	0.0	0.05157570000000078
3.80261542	2.2656339999999747e-5	0.1294891000000007	0.0	0.05182269999999889
3.80515657	2.4252689999999626e-5	0.1300537999999989	0.0	0.052048100000000375
3.80769159	2.1428950000000092e-5	0.13065140000000497	0.0	0.05228839999999835
3.81022208	2.374661e-5	0.13130190000000397	0.0	0.052547900000000425
3.8127535	2.725178000000019e-5	0.13192400000000504	0.0	0.05279549999999844
3.8152818	2.784395000000016e-5	0.13250409999999846	0.0	0.053027499999998895
3.81780702	2.9330000000000155e-5	0.13310560000000038	0.0	0.053267600000001636
3.82033426	3.052688000000029e-5	0.1337142	0.0	0.053510700000000355
3.82286408	3.629105999999969e-5	0.13427440000000246	0.0	0.05373270000000119
3.82539682	3.807507999999994e-5	0.134824100000003	0.0	0.05395199999999889
3.82794061	4.282975999999987e-5	0.13538420000000428	0.0	0.054174299999999675
3.83050044	4.496797999999948e-5	0.13591960000000114	0.0	0.05438780000000065
3.83307564	4.3801769999999955e-5	0.1364293000000032	0.0	0.05459229999999948
3.83566603	4.257562999999964e-5	0.13699110000000303	0.0	0.0548175999999998
3.83826628	4.056235999999949e-5	0.13758700000000346	0.0	0.0550569000000003
3.84086963	4.0936299999999766e-5	0.13814430000000044	0.0	0.055279899999998605
3.84347579	3.638486999999954e-5	0.13867670000000487	0.0	0.05549480000000173
3.846088	3.436891999999969e-5	0.139240700000002	0.0	0.05572129999999831
3.84870308	2.9761940000000257e-5	0.13980649999999883	0.0	0.055949699999999325
3.8513132	2.8018930000000067e-5	0.14036440000000283	0.0	0.05617369999999866
3.85391262	2.7159090000000198e-5	0.14095340000000078	0.0	0.05640980000000084
3.85650958	2.646757999999992e-5	0.14153310000000374	0.0	0.05664210000000125
3.85911574	2.858272999999977e-5	0.14207350000000218	0.0	0.05685760000000073
3.86172925	2.6192080000000083e-5	0.14262529999999884	0.0	0.057079399999999225
3.86434567	2.611233999999952e-5	0.14321850000000325	0.0	0.057316900000000004
3.86696911	2.4431339999999614e-5	0.1438118000000017	0.0	0.05755500000000069
3.86959601	2.645859000000028e-5	0.14437459999999902	0.0	0.05777949999999876
3.87222377	2.4762690000000066e-5	0.14488220000000496	0.0	0.05798340000000124
3.87485899	2.3542780000000013e-5	0.14537040000000445	0.0	0.058179299999999046
3.8774969	2.3997819999999753e-5	0.14588300000000487	0.0	0.05838430000000017
3.88012578	2.2378370000000238e-5	0.1464154000000022	0.0	0.0585981000000011
3.88274804	2.4860659999999778e-5	0.14693690000000004	0.0	0.05880579999999824
3.88536939	2.5725790000000193e-5	0.14746209999999849	0.0	0.05901569999999978
3.88799226	2.989351000000015e-5	0.14798360000000343	0.0	0.059222699999999406
3.89062106	3.0605759999999954e-5	0.1485332000000028	0.0	0.0594424999999994
3.89325868	3.3844219999999876e-5	0.14910700000000077	0.0	0.05967079999999925
3.89590712	3.593526999999975e-5	0.1496777999999992	0.0	0.05989849999999919
3.8985638	3.664376999999979e-5	0.15023890000000506	0.0	0.06012279999999848
3.90122657	3.769974000000006e-5	0.15076150000000155	0.0	0.06033160000000137
3.90390193	3.664263999999997e-5	0.15121570000000162	0.0	0.06051379999999895
3.90658546	3.873390999999983e-5	0.15168400000000304	0.0	0.060700400000001764
3.90926287	3.5337459999999765e-5	0.15216790000000202	0.0	0.06089550000000088
3.91193927	3.538294000000018e-5	0.1526397000000017	0.0	0.06108430000000098
3.91461998	3.390132999999979e-5	0.15311619999999948	0.0	0.06127559999999832
3.9173001	3.2390379999999545e-5	0.15358240000000478	0.0	0.06146280000000104
3.9199877	3.0178229999999577e-5	0.15403160000000327	0.0	0.06164349999999885
3.92269081	2.7838409999999744e-5	0.15452540000000425	0.0	0.06184209999999979
3.92540741	2.768667999999974e-5	0.15506119999999868	0.0	0.06205669999999941
3.92812926	2.58104700000001e-5	0.15560669999999988	0.0	0.06227579999999833
3.93085475	2.4992689999999568e-5	0.15609429999999946	0.0	0.062471299999998564
3.93359333	2.2777689999999712e-5	0.1565635000000043	0.0	0.06265989999999988
3.93633733	2.3038569999999856e-5	0.15708690000000303	0.0	0.0628694000000003
3.93907149	2.2190769999999582e-5	0.15760170000000073	0.0	0.06307569999999885
3.94179969	2.1426669999999662e-5	0.15809540000000055	0.0	0.06327369999999988
3.94451867	2.2958519999999663e-5	0.1585983000000013	0.0	0.06347440000000049
3.9472305	2.3308290000000238e-5	0.159029799999999	0.0	0.06364699999999957
3.94994662	2.6298569999999577e-5	0.1594114000000033	0.0	0.06379850000000076
3.95267165	2.498875999999966e-5	0.15983810000000176	0.0	0.06396979999999886
3.95540365	2.7559029999999797e-5	0.1603296000000043	0.0	0.06416550000000143
3.95813858	2.9976999999999608e-5	0.1607920000000007	0.0	0.06434970000000106
3.96088838	3.0795469999999985e-5	0.1611619000000033	0.0	0.06449740000000048
3.96366273	3.258958999999978e-5	0.16158980000000156	0.0	0.06466789999999989
3.96644717	3.103742000000031e-5	0.1620726000000019	0.0	0.06486179999999919
3.9692397	3.35210999999995e-5	0.16252659999999963	0.0	0.06504260000000173
3.97203637	3.1719359999999794e-5	0.1629901000000018	0.0	0.06522879999999986
3.974834	3.210857999999973e-5	0.16343670000000543	0.0	0.06540740000000156
3.9776388	3.3534049999999795e-5	0.16382600000000025	0.0	0.06556270000000097
3.98045168	2.9759859999999895e-5	0.16420330000000405	0.0	0.06571519999999964
3.98327137	2.9403949999999568e-5	0.1646792000000019	0.0	0.06590579999999946
3.98608584	2.7091879999999874e-5	0.16517500000000496	0.0	0.06610519999999909
3.98891045	2.871887999999958e-5	0.1655429000000055	0.0	0.06625179999999986
3.99175753	2.85162000000002e-5	0.1659270000000035	0.0	0.06640570000000068
3.99461983	2.700682999999971e-5	0.16636490000000492	0.0	0.06658159999999924
3.99749632	2.9792540000000284e-5	0.16679270000000201	0.0	0.06675170000000108
4.00038521	2.5205230000000314e-5	0.16719069999999903	0.0	0.06691280000000077
4.00328799	2.5730580000000135e-5	0.1675876000000045	0.0	0.06707150000000084
4.0061959	2.42745699999998e-5	0.16793230000000392	0.0	0.0672101000000005
4.00911715	2.2617150000000218e-5	0.1682294000000013	0.0	0.06732960000000077
4.01204075	2.200753999999968e-5	0.168666800000004	0.0	0.06750500000000059
4.01495375	2.1035759999999543e-5	0.1691160000000025	0.0	0.0676850999999985
4.01786623	2.3699329999999838e-5	0.16949749999999852	0.0	0.06783679999999848
4.02078789	2.2782519999999494e-5	0.16987810000000536	0.0	0.06798949999999948
4.02371882	2.5185409999999714e-5	0.17035609999999934	0.0	0.06817990000000052
4.02665192	2.668768999999991e-5	0.17080870000000203	0.0	0.06836050000000071
4.0296028	2.6742150000000006e-5	0.17122890000000268	0.0	0.0685286000000005
4.03256671	2.782768000000012e-5	0.17162360000000376	0.0	0.06868619999999837
4.03555159	3.3180959999999475e-5	0.17193040000000082	0.0	0.06880680000000083
4.03855502	3.152452000000031e-5	0.172226000000002	0.0	0.06892579999999882
4.04157814	3.3688290000000176e-5	0.1725633000000002	0.0	0.06906000000000034
4.04461081	3.400075999999974e-5	0.17287970000000286	0.0	0.0691865000000007
4.04766579	3.205771000000003e-5	0.173127700000002	0.0	0.06928650000000047
4.0507397	2.8882929999999793e-5	0.1734452000000033	0.0	0.06941490000000172
4.05383325	3.104458000000032e-5	0.17381710000000083	0.0	0.0695629000000011
4.05694183	2.643010999999959e-5	0.17424630000000008	0.0	0.0697365000000012
4.06006971	2.6815399999999615e-5	0.17465740000000096	0.0	0.06990090000000038
4.06321623	2.6794319999999712e-5	0.17503030000000308	0.0	0.07005020000000073
4.06639049	2.554905999999947e-5	0.1754054000000025	0.0	0.07020089999999968
4.06957396	2.3685879999999805e-5	0.17583550000000514	0.0	0.07037379999999871
4.07277068	2.7921159999999556e-5	0.17617440000000073	0.0	0.07050770000000028
4.07598138	2.483263999999985e-5	0.1764232000000021	0.0	0.07060859999999991
4.07921031	2.5699649999999692e-5	0.17671599999999899	0.0	0.0707254000000006
4.08244632	2.650030000000015e-5	0.17700789999999955	0.0	0.07084190000000135
4.08570093	2.2974749999999863e-5	0.1773634000000044	0.0	0.0709856000000002
4.08896582	2.32353400000003e-5	0.17768380000000406	0.0	0.07111379999999912
4.09224904	2.429832000000031e-5	0.17802700000000016	0.0	0.07125070000000022
4.09556048	2.5024589999999604e-5	0.1783545999999987	0.0	0.07138159999999871
4.09888806	2.6155620000000053e-5	0.17876620000000543	0.0	0.07154590000000027
4.10224069	2.8905359999999505e-5	0.17911790000000138	0.0	0.07168550000000096
4.1056147	2.8594980000000263e-5	0.17934879999999964	0.0	0.07177809999999951
4.10902002	3.3159389999999796e-5	0.17966619999999978	0.0	0.0719032999999989
4.11245028	3.134397000000011e-5	0.17997830000000192	0.0	0.07202900000000056
4.11590228	2.906683999999958e-5	0.18028019999999856	0.0	0.07215070000000168
4.11939366	3.219743000000032e-5	0.18056450000000268	0.0	0.07226329999999948
4.12291955	2.936206999999951e-5	0.18087350000000413	0.0	0.07238810000000129
4.12648548	2.9741229999999744e-5	0.18125560000000007	0.0	0.07254089999999991
4.13009327	2.7594869999999702e-5	0.18153579999999891	0.0	0.07265389999999883
4.13373013	2.5225399999999516e-5	0.1817852000000002	0.0	0.07275470000000084
4.13739851	2.605694999999967e-5	0.18212570000000028	0.0	0.07289060000000092
4.14108581	2.540832999999975e-5	0.1823570000000032	0.0	0.07298349999999942
4.1447868	2.717019000000008e-5	0.18266410000000377	0.0	0.07310569999999927
4.14851347	2.4052400000000237e-5	0.18299869999999885	0.0	0.07324089999999828
4.15226121	2.935950000000024e-5	0.1833136000000053	0.0	0.07336480000000023
4.15604423	2.6605219999999846e-5	0.18377600000000172	0.0	0.07355099999999837
4.15986998	2.4267799999999964e-5	0.18408600000000064	0.0	0.07367599999999896
4.16373282	2.741688999999964e-5	0.18442999999999898	0.0	0.07381249999999895
4.16763544	2.65782400000001e-5	0.18470479999999867	0.0	0.07392279999999829
4.17157497	2.915222000000016e-5	0.18495990000000262	0.0	0.07402390000000025
4.17555008	2.8268379999999912e-5	0.18514079999999922	0.0	0.07409669999999835
4.17956104	3.616301999999957e-5	0.18542130000000157	0.0	0.07420580000000143
4.18362094	3.0753799999999956e-5	0.18570470000000228	0.0	0.07432139999999876
4.18773693	3.228372999999982e-5	0.18596500000000304	0.0	0.07442490000000035
4.19190826	3.0438399999999956e-5	0.18645030000000418	0.0	0.07461999999999946
4.19613184	3.074855000000012e-5	0.18675540000000268	0.0	0.07474200000000053
4.20040857	2.672674999999996e-5	0.1871122000000014	0.0	0.07488640000000046
4.2047271	2.8564380000000236e-5	0.18737589999999926	0.0	0.07499119999999948
4.20909284	2.5192690000000115e-5	0.1877531000000019	0.0	0.07514349999999936
4.21350856	2.9014200000000018e-5	0.1879844999999989	0.0	0.0752346000000017
4.21795594	2.6534850000000006e-5	0.18835440000000148	0.0	0.07538369999999972
4.22242421	2.8634009999999564e-5	0.18863320000000527	0.0	0.07549440000000018
4.2269151	2.2798679999999974e-5	0.18906869999999998	0.0	0.07567110000000099
4.2314273	2.9678009999999956e-5	0.18936680000000194	0.0	0.07578769999999935
4.2359619	2.851625e-5	0.18970810000000426	0.0	0.07592470000000162
4.24051904	3.513825999999949e-5	0.19005969999999905	0.0	0.07606279999999899
4.24509717	3.262628999999972e-5	0.1903501000000034	0.0	0.07618009999999842
4.24970297	3.440036999999979e-5	0.19085530000000261	0.0	0.07638160000000127
4.25433177	2.9227980000000146e-5	0.19111350000000016	0.0	0.0764870000000002
4.25898974	3.2323939999999614e-5	0.19158339999999896	0.0	0.0766738999999994
4.26366965	2.846471999999947e-5	0.1916916999999998	0.0	0.07671879999999831
4.26838155	2.7088760000000198e-5	0.19211040000000423	0.0	0.07688690000000165
4.27311679	2.9718229999999707e-5	0.19233710000000315	0.0	0.07697659999999829
4.27788386	2.7086749999999556e-5	0.19296530000000445	0.0	0.07722910000000027
4.28267819	3.439426999999988e-5	0.19337690000000407	0.0	0.07739090000000104
4.28750402	2.8821129999999535e-5	0.19391230000000093	0.0	0.07760749999999916
4.29236106	3.2783619999999895e-5	0.19428930000000122	0.0	0.07775679999999952
4.29724491	2.6862869999999886e-5	0.19459400000000215	0.0	0.07788109999999904
4.30216362	2.9064750000000125e-5	0.19510860000000463	0.0	0.07808620000000133
4.30711179	2.88280599999996e-5	0.19536430000000138	0.0	0.07818869999999833
4.31209944	3.156880000000032e-5	0.19601360000000057	0.0	0.07844749999999934
4.31712033	3.482824999999964e-5	0.19617709999999988	0.0	0.0785115999999988
4.32215895	3.316239999999991e-5	0.1968712000000039	0.0	0.07879009999999909
4.32709654	3.692072999999987e-5	0.19726510000000275	0.0	0.07894629999999836
4.33190625	3.097117999999958e-5	0.19786630000000116	0.0	0.07918929999999946
4.3365974	3.668927000000013e-5	0.19842570000000137	0.0	0.07941100000000034
4.34116658	2.87561599999998e-5	0.19876330000000308	0.0	0.07954919999999888
4.3456251	3.283565000000016e-5	0.19921870000000297	0.0	0.07972990000000024
4.34996358	2.719546999999968e-5	0.19955260000000408	0.0	0.07986580000000032
4.35420231	3.4858869999999584e-5	0.1999301000000031	0.0	0.08001379999999969
4.35832063	2.6649029999999997e-5	0.20060949999999877	0.0	0.08028910000000167
4.36233439	2.963726999999968e-5	0.20087469999999996	0.0	0.08039409999999947
4.36623113	3.1844889999999536e-5	0.20154409999999956	0.0	0.08066110000000037
4.37002193	3.2495970000000034e-5	0.20181430000000233	0.0	0.08076900000000009
4.37371293	3.558407999999964e-5	0.2024243000000041	0.0	0.08101190000000003
4.37729373	3.092317999999969e-5	0.2028180000000006	0.0	0.08117139999999878
4.38078892	3.442460000000012e-5	0.20304159999999882	0.0	0.0812595000000016
4.38418719	3.527779999999963e-5	0.20382160000000482	0.0	0.0815714000000014
4.3874822	3.302385000000015e-5	0.20405450000000513	0.0	0.08166549999999972
4.39070336	3.7809409999999856e-5	0.20428760000000068	0.0	0.08175689999999847
4.39382922	3.9756329999999715e-5	0.2048078999999987	0.0	0.08196440000000038
4.39686309	3.61575599999997e-5	0.20515000000000327	0.0	0.08210270000000008
4.39981575	3.700571000000031e-5	0.20526399999999967	0.0	0.08214810000000128
4.40267704	4.0626099999999804e-5	0.20579490000000078	0.0	0.08235910000000146
4.40545263	3.1005499999999485e-5	0.2062316000000024	0.0	0.08253780000000077
4.40813893	3.1771919999999676e-5	0.2063605000000024	0.0	0.08258899999999869
4.41076063	3.4892560000000274e-5	0.2067875999999984	0.0	0.08275880000000058
4.41328272	3.622136999999973e-5	0.20745990000000347	0.0	0.08302730000000125
4.41572931	3.0279959999999877e-5	0.20778590000000463	0.0	0.08316019999999824
4.41810433	2.9777570000000253e-5	0.20787760000000333	0.0	0.08319709999999958
4.42041964	3.3648130000000186e-5	0.2082364000000041	0.0	0.08333920000000106
4.42264003	3.821576999999982e-5	0.20891980000000387	0.0	0.08361090000000004
4.42478956	3.145948999999995e-5	0.20927449999999936	0.0	0.08375559999999993
4.42686541	2.907774000000026e-5	0.20954270000000008	0.0	0.08386390000000077
4.42887561	2.8757150000000183e-5	0.20949810000000468	0.0	0.08384619999999998
4.43083128	3.2526279999999484e-5	0.20980670000000146	0.0	0.08396820000000105
4.43270698	3.525283999999962e-5	0.21026960000000372	0.0	0.08415240000000068
4.43451792	3.0930069999999914e-5	0.2106612000000041	0.0	0.08431089999999841
4.43624696	2.766903999999997e-5	0.21106040000000093	0.0	0.08447190000000049
4.43790923	2.8515879999999744e-5	0.21104569999999967	0.0	0.08446569999999909
4.4395389	2.9301209999999835e-5	0.21107729999999947	0.0	0.08447809999999834
4.4411059	3.3540280000000054e-5	0.21144730000000322	0.0	0.08462450000000032
4.44260387	3.829624000000007e-5	0.21176750000000055	0.0	0.08475079999999835
4.44404553	3.584071000000029e-5	0.21215400000000528	0.0	0.08490640000000127
4.44541314	3.3808980000000176e-5	0.2125898000000035	0.0	0.08508169999999993
4.44671879	3.373450000000028e-5	0.21272400000000147	0.0	0.08513539999999864
4.44799438	3.381115000000018e-5	0.21272009999999852	0.0	0.08513380000000126
4.44922463	3.5689599999999544e-5	0.21293220000000446	0.0	0.08521800000000113
4.45038188	3.8523310000000005e-5	0.21322609999999997	0.0	0.08533449999999831
4.45147924	4.2245740000000295e-5	0.21341089999999951	0.0	0.08540700000000001
4.45253492	4.5227049999999915e-5	0.2136411000000038	0.0	0.08549790000000002
4.45353709	4.757114999999999e-5	0.21403300000000058	0.0	0.0856539000000005
4.45447332	4.805435999999993e-5	0.21441839999999956	0.0	0.08580789999999894
4.45535847	4.71505699999996e-5	0.21463290000000512	0.0	0.08589419999999848
4.45621426	4.5669479999999735e-5	0.21473230000000143	0.0	0.08593460000000164
4.45704049	4.481196000000014e-5	0.2148646999999997	0.0	0.08598789999999923
4.45781879	4.5185679999999555e-5	0.21506560000000263	0.0	0.08606809999999854
4.45853851	4.5729549999999966e-5	0.21524790000000138	0.0	0.08614090000000019
4.45920896	4.6394709999999714e-5	0.21533840000000026	0.0	0.08617690000000167
4.45984904	4.744709999999954e-5	0.21535030000000432	0.0	0.08618119999999863
4.46047124	4.869602999999986e-5	0.2153558999999987	0.0	0.08618290000000073
4.46107431	5.017822999999963e-5	0.2154250000000033	0.0	0.08621000000000123
4.4616475	5.188356000000033e-5	0.2155774000000008	0.0	0.08627029999999891
4.46218036	5.336254999999991e-5	0.2157819000000032	0.0	0.08635160000000042
4.46266944	5.43855200000002e-5	0.21599290000000337	0.0	0.0864356000000015
4.46311833	5.5153100000000094e-5	0.21618260000000333	0.0	0.08651130000000151
4.4635336	5.584212999999987e-5	0.21634650000000022	0.0	0.08657660000000078
4.46392073	5.641089999999967e-5	0.21649450000000314	0.0	0.08663560000000103
4.46428184	5.6751649999999855e-5	0.21663980000000294	0.0	0.08669360000000026
4.46461542	5.6855760000000186e-5	0.2167917000000017	0.0	0.08675440000000023
4.46491747	5.682305999999988e-5	0.2169518000000039	0.0	0.08681849999999969
4.46518326	5.676825000000031e-5	0.21711470000000332	0.0	0.08688370000000134
4.46540884	5.6752840000000304e-5	0.21727130000000017	0.0	0.08694639999999865
4.46559179	5.678482000000002e-5	0.21741250000000178	0.0	0.08700290000000166
4.46573137	5.684657999999957e-5	0.21753100000000103	0.0	0.08705030000000136
4.46582822	5.691442999999994e-5	0.2176214999999999	0.0	0.08708650000000162
4.46588399	5.696607999999999e-5	0.21768030000000493	0.0	0.08710999999999913
