0.0	0.0	0.0	0.0	0.0
0.122574452	5.33866723e-16	2.657999999988725e-6	0.0	0.0
0.245069753	-4.785508219999999e-16	1.8970000000007037e-6	0.0	0.0
0.367505715	-1.2414399100000002e-16	1.5130000000085353e-6	0.0	0.0
0.489870036	1.6483355570000001e-15	6.743000000003496e-6	0.0	0.0
0.612177736	8.49530352e-16	4.565000000011921e-6	0.0	0.0
0.734380929	-3.77229473e-16	8.286999999995714e-6	0.0	0.0
0.856501123	8.22965782e-16	1.268099999998662e-5	0.0	0.0
0.978497435	1.9821113169999998e-15	1.1418000000013029e-5	0.0	0.0
1.10039617	3.494506708e-16	2.2329999999987082e-5	0.0	0.0
1.22218012	3.914920647e-15	2.0082000000004596e-5	0.0	0.0
1.34386781	3.040370397e-15	2.7434999999992327e-5	0.0	0.0
1.46542471	1.361842427e-15	3.176099999999127e-5	0.0	0.0
1.58685375	1.2231118750000001e-15	3.0125999999991437e-5	0.0	0.0
1.70815915	3.841694557e-15	3.696999999999728e-5	0.0	0.0
1.82935206	4.237492917e-15	3.422999999999621e-5	0.0	0.0
1.95045273	2.9095791470000002e-15	4.139000000000226e-5	0.0	0.0
2.07147182	4.172600817e-15	4.0042999999989615e-5	0.0	0.0
2.19244099	4.627670737e-15	4.774699999998688e-5	0.0	0.0
2.31337042	5.952035337e-15	4.4042999999993615e-5	0.0	0.0
2.43429557	7.102752677e-15	5.317199999999023e-5	0.0	0.0
2.5552323	5.743005007e-15	4.751299999999903e-5	0.0	0.0
2.6762013	8.748841816999999e-15	5.5165999999995385e-5	0.0	0.0
2.79721439	6.454094157e-15	5.3461000000004644e-5	0.0	0.0
2.91829768	6.846625267e-15	5.899100000000823e-5	0.0	0.0
3.0393457	8.293563836999999e-15	6.121600000000282e-5	0.0	0.0
3.16025451	7.561192787e-15	6.189100000000836e-5	0.0	0.0
3.28099104	7.645240777e-15	6.400500000000586e-5	0.0	0.0
3.40153963	9.182499577e-15	6.410200000001032e-5	0.0	0.0
3.5218045	7.615693506999999e-15	5.967300000001008e-5	0.0	0.0
3.6412277	7.571096367e-15	6.240499999998761e-5	0.0	0.0
3.75878326	9.001733227e-15	5.5426999999996784e-5	0.0	0.0
3.87489855	6.246222997e-15	6.40339999999906e-5	0.0	0.0
3.9908904	8.272712907e-15	5.972600000000994e-5	0.0	0.0
4.10779133	6.544152137e-15	6.583399999998685e-5	0.0	0.0
4.22534187	8.392650346999999e-15	6.25119999999868e-5	0.0	0.0
4.34331244	6.217677537e-15	6.313899999998984e-5	0.0	0.0
4.46101023	7.0168140470000004e-15	5.9790000000004007e-5	0.0	0.0
4.57850201	4.254133797e-15	6.44969999999967e-5	0.0	0.0
4.69571791	3.501274597e-15	6.15370000000004e-5	0.0	0.0
4.81241777	3.2578033370000002e-15	6.366099999999264e-5	0.0	0.0
4.92854924	4.1167931870000004e-15	6.371499999999197e-5	0.0	0.0
5.04410164	4.009195667e-15	5.905200000000388e-5	0.0	0.0
5.15933593	2.861695087e-15	5.97940000000019e-5	0.0	0.0
5.27394397	1.942644727e-15	5.744199999999089e-5	0.0	0.0
5.38762569	5.83986062e-16	5.942800000000026e-5	0.0	0.0
5.50055328	3.062917237e-15	5.671500000001273e-5	0.0	0.0
5.6134102	5.3627422999999977e-17	5.487000000001241e-5	0.0	0.0
5.72698985	1.27281423e-15	4.770700000000794e-5	0.0	0.0
5.84145819	-1.9419200200000003e-16	5.050800000000466e-5	0.0	0.0
5.9572258	-7.16664663e-16	4.472699999999441e-5	0.0	0.0
6.0745822	2.329933397e-16	4.841799999999452e-5	0.0	0.0
6.19252745	-3.121695199999999e-17	4.5349000000000084e-5	0.0	0.0
6.31042815	-5.860552429999999e-16	4.710099999999384e-5	0.0	0.0
6.42826491	4.351666999999997e-18	4.6530999999988554e-5	0.0	0.0
6.54584777	-1.061720833e-15	4.416900000001056e-5	0.0	0.0
6.66372397	-1.5330959530000001e-15	3.885200000000588e-5	0.0	0.0
6.78083645	-4.3559494799999995e-16	3.38990000000039e-5	0.0	0.0
6.89628589	-1.643211113e-15	2.837999999999452e-5	0.0	0.0
7.01045182	-1.749382843e-15	2.588600000000274e-5	0.0	0.0
7.12246798	-7.762539799999999e-17	3.2890000000007635e-5	0.0	0.0
7.23404499	-2.9690111e-16	3.42929999999908e-5	0.0	0.0
7.34609518	-1.4582417029999999e-15	4.182799999999376e-5	0.0	0.0
7.45881537	-2.750321983e-15	4.4695000000011254e-5	0.0	0.0
7.57206684	-4.563502453e-15	4.733500000000945e-5	0.0	0.0
7.68504814	-4.065492833e-15	4.3925000000000214e-5	0.0	0.0
7.79746336	-4.225271883e-15	3.9759999999999796e-5	0.0	0.0
7.91081441	-4.567689773e-15	3.8599999999999746e-5	0.0	0.0
8.0250268	-3.4413705630000002e-15	4.77160000000032e-5	0.0	0.0
8.13933802	-3.4782049929999996e-15	5.347299999999833e-5	0.0	0.0
8.25397358	-3.1441564929999998e-15	5.546500000000454e-5	0.0	0.0
8.36861655	-2.767098363e-15	5.833899999999059e-5	0.0	0.0
8.48197018	-3.013218373e-15	5.397400000001218e-5	0.0	0.0
8.59384443	-2.358513813e-15	3.9340999999998294e-5	0.0	0.0
8.70601827	-3.754784923e-15	-9.029999999965455e-7	0.0	0.0
8.81981299	-2.000261903e-15	2.6418999999999748e-5	0.0	0.0
8.93375309	-2.187006763e-15	5.2355000000003926e-5	0.0	0.0
9.04773659	-2.595911263e-15	5.610100000000284e-5	0.0	0.0
9.16187791	-3.893676333e-15	5.381400000001313e-5	0.0	0.0
9.2767136	-3.062312303e-15	5.621999999999572e-5	0.0	0.0
9.391893	-3.5406371529999998e-15	5.568699999999871e-5	0.0	0.0
9.50614755	-4.964628503e-15	5.658299999999894e-5	0.0	0.0
9.62068101	-3.989278353e-15	6.179900000000127e-5	0.0	0.0
9.73631948	-3.837790023e-15	5.786699999998923e-5	0.0	0.0
9.84905452	-5.570676233e-15	3.5064000000001316e-5	0.0	0.0
9.95924025	-5.846868033e-15	4.034899999999508e-5	0.0	0.0
10.0700778	-6.736863283e-15	5.135100000000503e-5	0.0	0.0
10.1804884	-9.107397063e-15	4.694799999999111e-5	0.0	0.0
10.2913103	-7.424851363e-15	3.060999999998648e-5	0.0	0.0
10.403728	-7.689511413000001e-15	4.68780000000002e-5	0.0	0.0
10.5193357	-8.129952383e-15	3.9879999999992144e-5	0.0	0.0
10.6362257	-5.924476933e-15	3.3009999999999984e-5	0.0	0.0
10.7532187	-6.768326753e-15	2.3146000000001665e-5	0.0	0.0
10.8700138	-5.859410763e-15	2.81749999999914e-5	0.0	0.0
10.9869633	-3.979669373e-15	3.920099999998872e-5	0.0	0.0
11.1037675	-5.190848693e-15	4.818700000000509e-5	0.0	0.0
11.2199218	-3.564685833e-15	4.957199999999773e-5	0.0	0.0
11.3353053	-3.907892233e-15	5.629800000001017e-5	0.0	0.0
11.4509026	-2.763923343e-15	5.0397000000007575e-5	0.0	0.0
11.5665937	-3.6013620329999996e-15	5.6319999999998593e-5	0.0	0.0
11.6824803	-4.480294543e-15	5.353599999999292e-5	0.0	0.0
11.7972543	-4.469465643e-15	5.510799999999816e-5	0.0	0.0
11.9102247	-4.382774563e-15	5.650200000001382e-5	0.0	0.0
12.0211842	-4.255938103e-15	6.269400000000203e-5	0.0	0.0
12.1307579	-4.940354283e-15	5.5106999999998685e-5	0.0	0.0
12.2390057	-3.547712763e-15	6.633699999999965e-5	0.0	0.0
12.3460461	-5.954881003e-15	5.888100000001062e-5	0.0	0.0
12.4521531	-4.574265353e-15	4.577199999999948e-5	0.0	0.0
12.5588684	-3.022369293e-15	1.9533999999987728e-5	0.0	0.0
12.6642927	-4.318913993e-15	3.810800000000891e-5	0.0	0.0
12.7682249	-4.396191473e-15	5.035400000000245e-5	0.0	0.0
12.8713858	-4.917918463e-15	7.382000000000222e-6	0.0	0.0
12.9727424	-4.779949323e-15	-2.436299999999947e-5	0.0	0.0
13.0748636	-4.388575623e-15	1.8877000000000477e-5	0.0	0.0
13.1790208	-4.025787593e-15	3.898799999998981e-5	0.0	0.0
13.2836108	-5.432968473e-15	3.488300000001332e-5	0.0	0.0
13.3878309	-4.045113953e-15	2.27369999999949e-5	0.0	0.0
13.491325	-4.882654933e-15	-7.901000000004599e-6	0.0	0.0
13.5920057	-4.110806803e-15	-3.9242999999994366e-5	0.0	0.0
13.6890539	-4.876906333e-15	-5.2352000000005505e-5	0.0	0.0
13.785493	-4.794490423e-15	-6.524700000000438e-5	0.0	0.0
13.8863495	-3.4598585829999998e-15	-4.944899999999308e-5	0.0	0.0
13.989322	-3.944233633e-15	-3.0852999999997355e-5	0.0	0.0
14.0891219	-3.024792513e-15	-1.5980999999998247e-5	0.0	0.0
14.1894008	-3.392815133e-15	-1.7407999999996537e-5	0.0	0.0
14.2904383	-3.3040684229999997e-15	-9.89499999999588e-6	0.0	0.0
14.3906929	-2.555588853e-15	-1.6417000000004678e-5	0.0	0.0
14.4909508	-2.807107813e-15	-1.8772999999999707e-5	0.0	0.0
14.5916033	-2.038745913e-15	-2.0196000000000103e-5	0.0	0.0
14.6926808	-2.507334143e-15	-1.4744999999996566e-5	0.0	0.0
14.7932837	-2.737390243e-15	-1.2295999999994978e-5	0.0	0.0
14.8902165	-1.293329473e-15	-1.603000000000021e-5	0.0	0.0
14.989482	-2.7254594329999998e-15	-1.8101000000006473e-5	0.0	0.0
15.0902771	-1.682108613e-15	-1.631900000000075e-5	0.0	0.0
15.1914887	-3.0526875799999997e-16	-2.114999999999756e-5	0.0	0.0
15.2916742	-2.373738523e-15	-4.0711999999998305e-5	0.0	0.0
15.3912977	-8.365741329999999e-16	-3.9163999999994314e-5	0.0	0.0
15.491752	-8.73751243e-16	-3.906200000000637e-5	0.0	0.0
15.5924949	-5.90468101e-16	-4.073000000000271e-5	0.0	0.0
15.6926779	-6.65962251e-16	-4.078600000000099e-5	0.0	0.0
15.79321	-8.550927529999999e-16	-4.667699999999497e-5	0.0	0.0
15.8908442	-1.3557109329999999e-15	-4.361199999999843e-5	0.0	0.0
15.985559	-1.247641353e-15	-4.850500000000424e-5	0.0	0.0
16.0832789	-9.63966573e-16	-4.425199999999463e-5	0.0	0.0
16.1819449	-1.70183533e-16	-5.729699999999782e-5	0.0	0.0
16.2810349	-9.92303983e-16	-5.145800000000422e-5	0.0	0.0
16.3824674	-1.783583373e-15	-5.471999999999422e-5	0.0	0.0
16.4835043	-1.5536321830000001e-15	-4.7514999999997976e-5	0.0	0.0
16.5841338	-2.72791237e-16	-6.271800000000327e-5	0.0	0.0
16.6818307	-1.514210183e-15	-6.338699999999808e-5	0.0	0.0
16.7776961	-1.4774107130000001e-15	-6.605299999999648e-5	0.0	0.0
16.8723711	-6.75920905e-16	-8.505200000000213e-5	0.0	0.0
16.9700165	-3.2587142200000004e-16	-8.988999999999525e-5	0.0	0.0
17.0652243	-9.79607403e-16	-8.163899999999447e-5	0.0	0.0
17.1603359	-1.3794326629999999e-15	-8.466099999999976e-5	0.0	0.0
17.2564682	-1.0338921900000001e-16	-0.00010452699999999315	0.0	0.0
17.3519773	3.1765063975e-16	-9.937499999999877e-5	0.0	0.0
17.4484797	2.119635497e-15	-8.742999999999945e-5	0.0	0.0
17.545379	5.18921749e-16	-0.00011576400000000431	0.0	0.0
17.6416642	7.746577439999999e-16	-0.00011210300000000228	0.0	0.0
17.7383231	4.27566485e-16	-0.00012536500000000228	0.0	0.0
17.8351121	-7.463439429999999e-16	-0.00013428699999999683	0.0	0.0
17.9323028	1.157366576e-15	-0.00013085300000000022	0.0	0.0
18.0300494	1.032393861e-15	-0.00011922600000000005	0.0	0.0
18.1263316	4.71758012e-16	-0.0001372840000000014	0.0	0.0
18.2229149	2.9850260996e-16	-0.00012673100000000492	0.0	0.0
18.3210736	1.725037827e-15	-9.521799999999414e-5	0.0	0.0
18.4183121	2.011265197e-15	-0.00011279899999999676	0.0	0.0
18.5134608	1.271443516e-15	-0.00013454699999999875	0.0	0.0
18.610155	2.327844097e-15	-0.0001135439999999932	0.0	0.0
18.7041929	6.39488599e-16	-0.00011400000000000299	0.0	0.0
18.7962672	1.471854437e-15	-0.0001251179999999935	0.0	0.0
18.8918925	7.17213654e-16	-0.0001274859999999961	0.0	0.0
18.988689	1.6801259770000001e-15	-0.00011938300000000068	0.0	0.0
19.0867773	1.295249175e-15	-0.00012652300000000338	0.0	0.0
19.1815721	1.009972903e-15	-0.00012192299999999601	0.0	0.0
19.2740168	3.452537346e-16	-0.0001138450000000013	0.0	0.0
19.3690468	2.415900218e-16	-0.0001226430000000056	0.0	0.0
19.4638105	1.771698037e-15	-0.00011968699999999333	0.0	0.0
19.5585658	1.046898249e-15	-0.00011260200000000331	0.0	0.0
19.6545259	5.175230620000001e-16	-0.00015646800000000682	0.0	0.0
19.7510641	7.801685719999999e-16	-0.00014117199999999497	0.0	0.0
19.8485815	1.96244578e-16	-0.00010568599999999373	0.0	0.0
19.9466796	1.408039327e-15	-0.00012099699999999769	0.0	0.0
20.0436513	3.893473532e-16	-0.00013507299999999944	0.0	0.0
20.1406051	6.56552584e-16	-0.00013234500000000593	0.0	0.0
20.2358308	1.534948347e-15	-0.0001396590000000003	0.0	0.0
20.331971	1.4490208570000001e-15	-0.0001333500000000043	0.0	0.0
20.4300353	4.93213876e-16	-0.0001401449999999943	0.0	0.0
20.5267615	-1.4501765100000004e-16	-0.00012697400000000192	0.0	0.0
20.6232866	9.48906214e-16	-0.00014844099999999916	0.0	0.0
20.7185334	1.881327147e-15	-0.00014608700000000308	0.0	0.0
20.815558	1.707246517e-15	-0.00012951699999999566	0.0	0.0
20.9097371	9.99035168e-16	-0.00015146800000000182	0.0	0.0
21.0043233	1.777740367e-15	-0.00016640099999999658	0.0	0.0
21.1005844	-2.1080141399999997e-16	-0.00016441600000000056	0.0	0.0
21.195879	8.869443640000001e-16	-0.00017125099999999727	0.0	0.0
21.2914814	1.29088527e-15	-0.00020149899999999388	0.0	0.0
21.3885778	-2.2081601499999998e-16	-0.00019435299999999434	0.0	0.0
21.4832065	2.463936377e-15	-0.00015825699999999499	0.0	0.0
21.577933	8.642296819999999e-16	-0.00018829900000000288	0.0	0.0
21.6734753	1.609394357e-15	-0.00018802800000000675	0.0	0.0
21.7667941	-2.9572971e-16	-0.0001648630000000012	0.0	0.0
21.8606246	8.12261453e-16	-0.00019469399999999526	0.0	0.0
21.9563044	9.37660767e-16	-0.00022413200000000189	0.0	0.0
22.0511938	-1.8859025899999996e-16	-0.00020605799999999508	0.0	0.0
22.1477139	4.59057931e-16	-0.00017642099999999605	0.0	0.0
22.2430361	3.962848425e-16	-0.00019642599999999955	0.0	0.0
22.3396789	-7.217698729999999e-16	-0.00018160899999999924	0.0	0.0
22.4349221	-6.10825996e-16	-0.0002082109999999998	0.0	0.0
22.5288821	5.618894239999999e-16	-0.00023770400000000524	0.0	0.0
22.6224019	3.278051099e-16	-0.00020177200000000284	0.0	0.0
22.7186988	1.154960834e-15	-0.00019784800000000047	0.0	0.0
22.8134407	5.05158666e-16	-0.00022864499999999954	0.0	0.0
22.9058684	1.301943642e-15	-0.00022271399999999886	0.0	0.0
22.9978724	4.0836950110000003e-16	-0.00020693600000000478	0.0	0.0
23.0937744	2.309353447e-15	-0.00023444699999999874	0.0	0.0
23.1915631	1.48661234e-16	-0.00023447699999999683	0.0	0.0
23.2875618	-9.493415400000002e-17	-0.00023014899999999894	0.0	0.0
23.380956	4.70023639e-16	-0.00024203000000000419	0.0	0.0
23.4745433	5.39846112e-16	-0.00023792000000000257	0.0	0.0
23.5697764	-5.55717714e-16	-0.00022261599999999493	0.0	0.0
23.6658339	1.10424443e-15	-0.0002784210000000009	0.0	0.0
23.7604708	7.992186939999999e-16	-0.0003032689999999949	0.0	0.0
23.8541185	7.694546269999999e-16	-0.00027896400000000654	0.0	0.0
23.9494254	1.249260335e-15	-0.00029073999999999767	0.0	0.0
24.0457938	1.668195167e-15	-0.0002983859999999977	0.0	0.0
24.1430643	1.4240403070000001e-15	-0.00030996299999999644	0.0	0.0
24.2376919	1.34786256e-16	-0.0003372459999999994	0.0	0.0
24.3316506	5.5461625e-16	-0.00036989699999999404	0.0	0.0
24.4228213	1.934057657e-15	-0.00042129300000000314	0.0	0.0
24.5170443	1.674461287e-15	-0.0003998699999999966	0.0	0.0
24.6110989	5.48462026e-16	-0.0004072600000000065	0.0	0.0
24.7047556	1.563685247e-15	-0.0005068689999999931	0.0	0.0
24.7970769	1.075151734e-15	-0.0005144730000000014	0.0	0.0
24.8910439	8.544948180000001e-16	-0.0005184200000000055	0.0	0.0
24.9844249	1.285961891e-15	-0.0005795130000000037	0.0	0.0
25.0773399	1.466672297e-15	-0.0006752049999999982	0.0	0.0
25.1710543	1.406808477e-15	-0.0006519420000000026	0.0	0.0
25.2663947	1.130427858e-15	-0.000727804999999998	0.0	0.0
25.3603866	1.976242067e-15	-0.0008641320000000036	0.0	0.0
25.4524826	6.68301558e-16	-0.000849403999999998	0.0	0.0
25.5462021	1.94985759e-16	-0.0009136530000000004	0.0	0.0
25.6416498	1.698001197e-15	-0.0011281310000000044	0.0	0.0
25.7353986	2.780118403e-16	-0.001233873999999996	0.0	0.0
25.8288467	7.763921159999999e-16	-0.001228450000000006	0.0	0.0
25.9258453	7.54236909e-16	-0.0014007419999999965	0.0	0.0
26.0226121	1.5509292170000001e-15	-0.0016026749999999979	0.0	0.0
26.1189161	7.06793434e-16	-0.0016572279999999967	0.0	0.0
26.2145797	5.14334055e-16	-0.0017700400000000005	0.0	0.0
26.3100688	1.049639676e-15	-0.0020915590000000067	0.0	0.0
26.4047346	2.302863537e-15	-0.0021077030000000024	0.0	0.0
26.4997574	1.11230087e-15	-0.002406623999999996	0.0	0.0
26.5939794	1.453580587e-15	-0.002543214000000002	0.0	0.0
26.6884616	1.6539845070000001e-15	-0.0028468579999999938	0.0	0.0
26.783187	1.142736306e-15	-0.002924999999999997	0.0	0.0
26.8786428	4.56596241e-16	-0.0032959449999999946	0.0	9.99999993922529e-8
26.9735263	7.13059553e-16	-0.003676816999999999	0.0	0.0
27.0694003	-3.5934201e-16	-0.003646188999999994	0.0	9.99999993922529e-8
27.1652127	6.12801644e-16	-0.004141909999999999	0.0	9.99999993922529e-8
27.2595696	1.780090157e-15	-0.004306088	0.0	9.99999993922529e-8
27.3540297	1.080075113e-15	-0.004641682999999994	0.0	9.99999993922529e-8
27.4476995	6.280193620000001e-16	-0.004972535	0.0	9.99999993922529e-8
27.5413158	2.548137357e-15	-0.005322927000000005	0.0	9.99999993922529e-8
27.635929	-1.000276503e-15	-0.005857168999999995	0.0	9.99999993922529e-8
27.7313723	6.37866121e-16	-0.005874851	0.0	9.99999993922529e-8
27.8271236	1.862444867e-15	-0.0062554070000000045	0.0	9.99999993922529e-8
27.9233363	-1.0947158729999999e-15	-0.006408722000000006	0.0	9.99999993922529e-8
28.0178105	-8.73163793e-16	-0.007227232	0.0	9.99999993922529e-8
28.1125669	6.02059725e-16	-0.007049716999999997	0.0	9.99999993922529e-8
28.2068877	1.11512098e-16	-0.007552494000000007	0.0	9.99999993922529e-8
28.3014449	2.189312867e-16	-0.008029926000000007	0.0	9.99999993922529e-8
28.3952035	8.24954541e-16	-0.008897243999999999	0.0	9.99999993922529e-8
28.4899532	1.6547677670000001e-15	-0.008744724999999995	0.0	9.99999993922529e-8
28.5854618	-8.13188083e-16	-0.009549384999999994	0.0	9.99999993922529e-8
28.6815765	6.18172603e-16	-0.008933185999999996	0.0	9.99999993922529e-8
28.7781702	3.236649953e-16	-0.009866356000000007	0.0	1.999999987845058e-7
28.8741806	1.62536213e-16	-0.010370882999999997	0.0	1.999999987845058e-7
28.9704958	-5.140700400000001e-17	-0.010313410999999995	0.0	1.999999987845058e-7
29.067115	2.215137867e-15	-0.010675582000000003	0.0	1.999999987845058e-7
29.1637622	-1.7390928000000013e-17	-0.011015259999999999	0.0	1.999999987845058e-7
29.2591177	3.459410137e-15	-0.011460101	0.0	1.999999987845058e-7
29.3541383	8.294303400000001e-16	-0.011604744	0.0	1.999999987845058e-7
29.449081	9.56095467e-16	-0.011808398999999997	0.0	1.999999987845058e-7
29.546067	-4.649708790000001e-16	-0.012598692999999994	0.0	1.999999987845058e-7
29.6447201	-1.728936663e-15	-0.012019647999999994	0.0	2.9999999995311555e-7
29.7418474	1.119462149e-15	-0.013156139999999997	0.0	2.9999999995311555e-7
29.8377523	2.805719617e-15	-0.012578901000000003	0.0	2.9999999995311555e-7
29.9337707	1.235832936e-15	-0.013165205999999999	0.0	2.9999999995311555e-7
30.0294262	2.610038022e-16	-0.013438542999999997	0.0	2.9999999995311555e-7
30.1251426	1.917944787e-15	-0.013112193999999994	0.0	2.9999999995311555e-7
30.2190483	1.883928707e-15	-0.013793147000000006	0.0	2.9999999995311555e-7
30.3133533	2.052218767e-15	-0.014053095000000002	0.0	3.9999999934536845e-7
30.4094894	1.840961027e-15	-0.014491223999999997	0.0	3.9999999934536845e-7
30.506347	5.35817892e-16	-0.014067238999999995	0.0	3.9999999934536845e-7
30.6016298	-1.245550313e-15	-0.014476956999999999	0.0	3.9999999934536845e-7
30.6980008	-4.1484192400000003e-16	-0.014911908000000001	0.0	3.9999999934536845e-7
30.7943247	-1.3601307829999999e-15	-0.015496581999999995	0.0	3.9999999934536845e-7
30.8903288	1.144526626e-15	-0.014548369000000005	0.0	3.9999999934536845e-7
30.9867636	1.0972177899999999e-16	-0.014875868	0.0	3.9999999934536845e-7
31.0833962	1.5375018270000001e-15	-0.015437687000000005	0.0	4.999999987376214e-7
31.1783913	-1.2771938600000001e-16	-0.016081256000000002	0.0	4.999999987376214e-7
31.2749327	1.259107094e-15	-0.016112421000000002	0.0	4.999999987376214e-7
31.3712031	1.422026197e-15	-0.015444748999999994	0.0	4.999999987376214e-7
31.4677515	-7.133777529999999e-16	-0.016353254999999997	0.0	4.999999987376214e-7
31.5635209	5.48350131e-16	-0.015888380999999993	0.0	5.999999999062311e-7
31.6599723	1.7102676870000001e-15	-0.016856046	0.0	5.999999999062311e-7
31.7564756	1.325348927e-15	-0.015668049000000003	0.0	5.999999999062311e-7
31.852578	1.067542874e-15	-0.016878750999999997	0.0	5.999999999062311e-7
31.9480165	2.069226807e-15	-0.016833869	0.0	5.999999999062311e-7
32.0430002	1.568832417e-15	-0.016230083000000006	0.0	5.999999999062311e-7
32.1370437	2.833827997e-16	-0.016589403000000003	0.0	6.99999999298484e-7
32.2307298	2.403121447e-15	-0.016729788999999995	0.0	6.99999999298484e-7
32.3260153	3.854310286e-16	-0.016860323999999996	0.0	6.99999999298484e-7
32.4199751	-9.08970193e-16	-0.017241787999999994	0.0	6.99999999298484e-7
32.5155343	4.44511582e-16	-0.017704060999999993	0.0	6.99999999298484e-7
32.6105799	-6.69514917e-16	-0.017805066999999994	0.0	7.999999986907369e-7
32.7061577	-1.249130953e-15	-0.017799176	0.0	7.999999986907369e-7
32.8024863	1.2680586930000001e-15	-0.018306485999999997	0.0	7.999999986907369e-7
32.8978983	2.762215205e-16	-0.018025431999999994	0.0	7.999999986907369e-7
32.9927753	-1.4987459299999998e-16	-0.016938248000000003	0.0	7.999999986907369e-7
33.087049	1.837380387e-15	-0.01858527	0.0	8.999999998593466e-7
33.1807447	-1.037873213e-15	-0.018202698000000003	0.0	8.999999998593466e-7
33.2754965	-1.625098113e-15	-0.018315553999999998	0.0	8.999999998593466e-7
33.3705511	-3.16374335e-16	-0.01847865	0.0	8.999999998593466e-7
33.4662613	8.813496150000001e-16	-0.018653516999999994	0.0	8.999999998593466e-7
33.5617765	-4.4348704100000004e-16	-0.018355344999999995	0.0	8.999999998593466e-7
33.656403	-4.1305160500000003e-16	-0.018413240999999997	0.0	9.999999992515995e-7
33.7526692	-8.35567083e-16	-0.018554321999999998	0.0	9.999999992515995e-7
33.8497724	1.038897758e-15	-0.018773006999999994	0.0	9.999999992515995e-7
33.9458554	6.88442656e-16	-0.018493353000000004	0.0	9.999999992515995e-7
34.0424746	-1.6215174729999998e-15	-0.018371103	0.0	9.999999992515995e-7
34.1377395	-1.677464963e-15	-0.017674593000000002	0.0	1.0999999986438525e-6
34.2335902	2.565280026e-16	-0.018488367000000006	0.0	1.0999999986438525e-6
34.3299555	-1.7092431430000001e-15	-0.019026714	0.0	1.0999999986438525e-6
34.4248859	-2.1035610829999998e-15	-0.018457267	0.0	1.0999999986438525e-6
34.5195151	1.9555414969999998e-15	-0.018765615	0.0	1.0999999986438525e-6
34.6148245	9.72208345e-16	-0.019700722000000004	0.0	1.1999999998124622e-6
34.7104074	1.7192192870000001e-15	-0.018789305000000006	0.0	1.1999999998124622e-6
34.8056598	4.80317978e-16	-0.019316081	0.0	1.1999999998124622e-6
34.9021663	-1.05116598e-16	-0.019080067000000006	0.0	1.1999999998124622e-6
34.9979036	2.0593800469999998e-15	-0.019455170999999993	0.0	1.1999999998124622e-6
35.0934705	1.9985091769999998e-15	-0.01913587	0.0	1.1999999998124622e-6
35.1885892	1.25834657e-16	-0.019546851000000004	0.0	1.299999999204715e-6
35.2823965	4.1944710499999997e-16	-0.019395957000000005	-9.999999974752427e-7	1.299999999204715e-6
35.3767062	2.268847467e-15	-0.018989441999999995	-9.999999974752427e-7	1.299999999204715e-6
35.4720722	3.305442627e-15	-0.019870051	-9.999999974752427e-7	1.299999999204715e-6
35.5675028	1.661929047e-15	-0.019684036000000002	-9.999999974752427e-7	1.299999999204715e-6
35.6624985	-1.478291893e-15	-0.019321965999999996	-9.999999974752427e-7	1.299999999204715e-6
35.7575184	-3.71874249e-16	-0.019683007000000002	-9.999999974752427e-7	1.399999998596968e-6
35.8514049	1.748311977e-15	-0.018425408000000004	-9.999999974752427e-7	1.399999998596968e-6
35.9464945	1.61249421e-16	-0.019854416	-9.999999974752427e-7	1.399999998596968e-6
36.0422069	2.654796017e-16	-0.01968815	-9.999999974752427e-7	1.399999998596968e-6
36.1369389	-5.90293265e-16	-0.019246295999999996	-9.999999974752427e-7	1.4999999997655777e-6
36.2307458	-1.120227923e-15	-0.020032525999999995	-9.999999974752427e-7	1.4999999997655777e-6
36.3279232	-7.110052200000001e-17	-0.020026169999999996	-9.999999974752427e-7	1.4999999997655777e-6
36.4240885	4.700996917e-15	-0.019777908999999996	-9.999999974752427e-7	1.4999999997655777e-6
36.5188418	-1.0880021729999999e-15	-0.019643729	-9.999999974752427e-7	1.4999999997655777e-6
36.6163052	-1.320743743e-15	-0.020338626999999998	-9.999999974752427e-7	1.4999999997655777e-6
36.7137454	-4.4348704100000004e-16	-0.020272135999999996	-9.999999974752427e-7	1.4999999997655777e-6
36.8098751	-1.6805980229999999e-15	-0.019153241	-9.999999974752427e-7	1.4999999997655777e-6
36.904711	1.11051055e-15	-0.019979092000000004	-9.999999974752427e-7	1.5999999991578306e-6
37.0000102	5.601218399999998e-17	-0.020546960000000003	-9.999999974752427e-7	1.5999999991578306e-6
37.094354	-2.163984373e-15	-0.020614557000000006	-9.999999974752427e-7	1.5999999991578306e-6
37.1897313	7.77511066e-16	-0.019718424	-9.999999974752427e-7	1.5999999991578306e-6
37.2854227	6.05640365e-16	-0.020371129	-9.999999974752427e-7	1.5999999991578306e-6
37.3815559	-1.17648837e-16	-0.021507635999999997	-9.999999974752427e-7	1.5999999991578306e-6
37.4781029	-1.175727843e-15	-0.021193211000000003	-9.999999974752427e-7	1.5999999991578306e-6
37.5748187	2.385218247e-15	-0.020998680000000006	-9.999999974752427e-7	1.6999999985500835e-6
37.671563	2.392379527e-15	-0.020398439000000004	-9.999999974752427e-7	1.6999999985500835e-6
37.7669738	-1.825613933e-15	-0.021412236	-9.999999974752427e-7	1.6999999985500835e-6
37.8623712	1.794412717e-15	-0.021141194000000002	-9.999999974752427e-7	1.6999999985500835e-6
37.9588551	1.569056207e-15	-0.020911995000000003	-9.999999974752427e-7	1.6999999985500835e-6
38.0553108	4.114667187e-15	-0.020936471999999998	-9.999999974752427e-7	1.6999999985500835e-6
38.1511098	1.0166533899999999e-16	-0.020926415000000004	-9.999999974752427e-7	1.7999999997186933e-6
38.2467215	2.062960687e-15	-0.021281231999999997	-9.999999974752427e-7	1.7999999997186933e-6
38.3424733	6.27124202e-16	-0.021683698	-9.999999974752427e-7	1.6999999985500835e-6
38.4377	1.594792057e-15	-0.021233128000000004	-9.999999974752427e-7	1.7999999997186933e-6
38.5341505	1.217929738e-15	-0.021255396999999995	-9.999999974752427e-7	1.7999999997186933e-6
38.6306089	2.4210246470000002e-15	-0.020340888	-9.999999974752427e-7	1.7999999997186933e-6
38.7252292	1.339000117e-15	-0.021207315000000004	-9.999999974752427e-7	1.7999999997186933e-6
38.819906	1.262687733e-15	-0.021517794000000007	-9.999999974752427e-7	1.7999999997186933e-6
38.9164935	3.3672086670000002e-15	-0.020755833	-9.999999974752427e-7	1.7999999997186933e-6
39.0125338	-1.8721622429999998e-15	-0.021170316999999994	-9.999999974752427e-7	1.8999999991109462e-6
39.1094627	8.05261023e-16	-0.022286503	-9.999999974752427e-7	1.8999999991109462e-6
39.2063678	1.565251777e-15	-0.021609639	-9.999999974752427e-7	1.8999999991109462e-6
39.3033201	8.348013e-16	-0.021604436000000005	-9.999999974752427e-7	1.8999999991109462e-6
39.4003319	5.98479085e-16	-0.021616813999999998	-9.999999974752427e-7	1.999999998503199e-6
39.4967995	1.362945647e-15	-0.021495456999999996	-9.999999974752427e-7	1.999999998503199e-6
39.5932443	3.6885710669999996e-15	-0.022328309000000005	-9.999999974752427e-7	1.999999998503199e-6
39.6895751	-1.843517133e-15	-0.021606850999999996	-9.999999974752427e-7	2.099999999671809e-6
39.7856681	2.746862847e-15	-0.021389700999999997	-9.999999974752427e-7	2.099999999671809e-6
39.8818564	-2.6714054e-16	-0.022493440000000003	-9.999999974752427e-7	2.099999999671809e-6
39.9780891	2.657346857e-15	-0.022755296999999994	-9.999999974752427e-7	2.099999999671809e-6
40.0753618	3.943826277e-16	-0.021618659999999998	-9.999999974752427e-7	2.099999999671809e-6
40.1709086	2.259895867e-15	-0.021513325	-9.999999974752427e-7	2.099999999671809e-6
40.2671378	2.725379017e-15	-0.022100462	-9.999999974752427e-7	2.099999999671809e-6
40.3644427	3.441506937e-15	-0.021965412000000004	-9.999999974752427e-7	2.099999999671809e-6
40.4606733	1.2429942150000001e-15	-0.022234237000000004	-9.999999974752427e-7	2.099999999671809e-6
40.5569377	9.60123686e-16	-0.022336596	-9.999999974752427e-7	2.1999999990640617e-6
40.6536067	6.764926300000002e-17	-0.022158567000000004	-9.999999974752427e-7	2.1999999990640617e-6
40.7496619	-1.818452653e-15	-0.022969452	-9.999999974752427e-7	2.1999999990640617e-6
40.84601	1.311026367e-15	-0.022096477000000003	-9.999999974752427e-7	2.1999999990640617e-6
40.9425575	3.887296567e-15	-0.022275500000000004	-9.999999974752427e-7	2.1999999990640617e-6
41.0385306	2.395960167e-15	-0.021504881000000003	-9.999999974752427e-7	2.2999999984563146e-6
41.1344378	2.121369867e-15	-0.021988321000000005	-9.999999974752427e-7	2.2999999984563146e-6
41.2308008	3.513119727e-15	-0.023422836000000002	-9.999999974752427e-7	2.2999999984563146e-6
41.3269647	-1.739678583e-15	-0.022561059999999994	-9.999999974752427e-7	2.2999999984563146e-6
41.4229817	-8.73163793e-16	-0.021832075000000006	-9.999999974752427e-7	2.2999999984563146e-6
41.5181234	2.435347207e-15	-0.022062742999999996	-9.999999974752427e-7	2.3999999996249244e-6
41.6146988	-2.6445506100000003e-16	-0.022260729000000007	-9.999999974752427e-7	2.3999999996249244e-6
41.7100838	-6.663818569999999e-16	-0.023058645000000003	-9.999999974752427e-7	2.3999999996249244e-6
41.806344	2.304653857e-15	-0.023311295999999995	-9.999999974752427e-7	2.3999999996249244e-6
41.902695	2.370895697e-15	-0.022826768999999997	-9.999999974752427e-7	2.3999999996249244e-6
41.9987883	3.430765017e-15	-0.022539065999999996	-9.999999974752427e-7	2.4999999990171773e-6
42.0949423	1.160639504e-15	-0.022883267	-9.999999974752427e-7	2.4999999990171773e-6
42.1915493	9.52962407e-16	-0.023268039000000004	-9.999999974752427e-7	2.4999999990171773e-6
42.2878139	3.158636407e-15	-0.022880508999999993	-9.999999974752427e-7	2.4999999990171773e-6
42.3830536	1.683412887e-15	-0.023226274000000005	-9.999999974752427e-7	2.59999999840943e-6
42.4789265	5.659601277e-15	-0.022641279	-9.999999974752427e-7	2.59999999840943e-6
42.5749506	1.959345927e-15	-0.023614200000000002	-9.999999974752427e-7	2.59999999840943e-6
42.6710567	1.2644780530000001e-15	-0.02315784	-9.999999974752427e-7	2.59999999840943e-6
42.7678575	2.159637957e-15	-0.023163422000000003	-9.999999974752427e-7	2.69999999957804e-6
42.862056	-7.370994929999999e-16	-0.022861381	-9.999999974752427e-7	2.69999999957804e-6
42.9565661	1.812315917e-15	-0.023045641000000006	-9.999999974752427e-7	2.69999999957804e-6
43.0519253	-7.550026829999999e-16	-0.022987256999999997	-9.999999974752427e-7	2.69999999957804e-6
43.1489082	2.073702607e-15	-0.022964195000000007	-9.999999974752427e-7	2.69999999957804e-6
43.2448971	-1.1918407229999999e-15	-0.022812915000000003	-9.999999974752427e-7	2.69999999957804e-6
43.3412452	-9.86849103e-16	-0.022323311999999998	-1.9999999949504854e-6	2.799999998970293e-6
43.4382914	-3.245337533e-15	-0.022136238000000003	-1.9999999949504854e-6	2.799999998970293e-6
43.5326425	3.693181504e-16	-0.022892461000000003	-1.9999999949504854e-6	2.799999998970293e-6
43.6281459	-1.270614793e-15	-0.022074864	-1.9999999949504854e-6	2.799999998970293e-6
43.7233736	2.905440789e-16	-0.022813925999999998	-1.9999999949504854e-6	2.799999998970293e-6
43.8184083	-4.07680645e-16	-0.022381447	-1.9999999949504854e-6	2.8999999983625457e-6
43.9132069	2.7146370970000002e-15	-0.022675101000000003	-1.9999999949504854e-6	2.8999999983625457e-6
44.0086761	1.189284621e-15	-0.022952276999999993	-1.9999999949504854e-6	2.8999999983625457e-6
44.1051942	-6.762286159999999e-16	-0.023079514999999995	-1.9999999949504854e-6	2.8999999983625457e-6
44.2017404	4.792549760000001e-16	-0.023000983000000003	-1.9999999949504854e-6	2.8999999983625457e-6
44.2990313	-7.26357573e-16	-0.022409643000000007	-1.9999999949504854e-6	2.8999999983625457e-6
44.3958999	3.496111687e-15	-0.023016106999999994	-1.9999999949504854e-6	2.9999999995311555e-6
44.4915723	9.02833452e-16	-0.022945992	-1.9999999949504854e-6	2.9999999995311555e-6
44.5877356	1.6625149000000002e-17	-0.022606759000000004	-1.9999999949504854e-6	2.9999999995311555e-6
44.684022	8.85825414e-16	-0.023150737000000005	-1.9999999949504854e-6	2.9999999995311555e-6
44.7805701	1.370106917e-15	-0.023816618999999997	-1.9999999949504854e-6	2.9999999995311555e-6
44.8765809	2.872185237e-15	-0.022952157	-1.9999999949504854e-6	3.0999999989234084e-6
44.9721438	3.061959137e-15	-0.024038392000000006	-1.9999999949504854e-6	3.0999999989234084e-6
45.0676993	-1.0325022529999999e-15	-0.024153243000000005	-1.9999999949504854e-6	3.0999999989234084e-6
45.1640017	1.124833108e-15	-0.023841802999999995	-1.9999999949504854e-6	3.0999999989234084e-6
45.2600836	5.525439187e-15	-0.024223151999999998	-1.9999999949504854e-6	3.200000000092018e-6
45.3566481	2.881136837e-15	-0.023979626000000004	-1.9999999949504854e-6	3.200000000092018e-6
45.4539059	9.63704326e-16	-0.023052630000000005	-1.9999999949504854e-6	3.200000000092018e-6
45.5509859	1.906307707e-15	-0.023394776000000006	-1.9999999949504854e-6	3.200000000092018e-6
45.6482959	1.153478225e-15	-0.023228966000000004	-1.9999999949504854e-6	3.200000000092018e-6
45.7448553	1.8785577469999998e-15	-0.023723835	-1.9999999949504854e-6	3.299999999484271e-6
45.8422228	-2.785225343e-15	-0.023533435000000005	-1.9999999949504854e-6	3.299999999484271e-6
45.9392722	2.120250917e-15	-0.023800560999999998	-1.9999999949504854e-6	3.299999999484271e-6
46.0354096	1.43961645e-16	-0.024168905000000004	-1.9999999949504854e-6	3.299999999484271e-6
46.1310762	-1.818452653e-15	-0.024058965	-1.9999999949504854e-6	3.399999998876524e-6
46.2266468	2.367315057e-15	-0.023697173000000002	-1.9999999949504854e-6	3.399999998876524e-6
46.3233808	3.545345487e-15	-0.023427730999999993	-1.9999999949504854e-6	3.399999998876524e-6
46.4201865	4.358150677e-15	-0.023118994000000004	-1.9999999949504854e-6	3.399999998876524e-6
46.5174463	2.660927497e-15	-0.023739361	-1.9999999949504854e-6	3.399999998876524e-6
46.613627	7.56027228e-16	-0.0242295	-1.9999999949504854e-6	3.399999998876524e-6
46.7105154	1.586735617e-15	-0.023790138000000002	-1.9999999949504854e-6	3.5000000000451337e-6
46.8060546	-1.466654813e-15	-0.024209659999999994	-1.9999999949504854e-6	3.5000000000451337e-6
46.9015983	6.406276537e-15	-0.022925812000000004	-1.9999999949504854e-6	3.5000000000451337e-6
46.9979379	2.466677807e-15	-0.024171393	-1.9999999949504854e-6	3.5000000000451337e-6
47.0939007	1.217929738e-15	-0.024333896999999993	-1.9999999949504854e-6	3.5000000000451337e-6
47.1905005	2.549927677e-15	-0.023461733	-1.9999999949504854e-6	3.5999999994373866e-6
47.2863257	1.8648174e-16	-0.024159498	-1.9999999949504854e-6	3.5999999994373866e-6
47.3833329	2.857974577e-15	-0.023789210000000005	-1.9999999949504854e-6	3.5999999994373866e-6
47.4795912	-9.77002343e-16	-0.024786088999999997	-1.9999999949504854e-6	3.5999999994373866e-6
47.5752718	-2.090581263e-15	-0.023708877000000003	-1.9999999949504854e-6	3.5999999994373866e-6
47.6715449	8.91196374e-16	-0.023266518	-1.9999999949504854e-6	3.5999999994373866e-6
47.7673483	-8.588412329999999e-16	-0.024312769999999997	-1.9999999949504854e-6	3.6999999988296395e-6
47.8650466	2.736120937e-15	-0.024462648000000004	-1.9999999949504854e-6	3.6999999988296395e-6
47.9619415	3.585762316e-16	-0.023459923999999993	-1.9999999949504854e-6	3.6999999988296395e-6
48.0575181	8.14212622e-16	-0.023602634999999997	-1.9999999949504854e-6	3.6999999988296395e-6
48.1537023	-4.217481193e-15	-0.023928774	-1.9999999949504854e-6	3.6999999988296395e-6
48.2489891	-3.6189286e-17	-0.024449467000000003	-1.9999999949504854e-6	3.6999999988296395e-6
48.3451864	3.455829497e-15	-0.023120337000000005	-1.9999999949504854e-6	3.6999999988296395e-6
48.4407882	1.473945467e-15	-0.023149397000000002	-1.9999999949504854e-6	3.7999999999982492e-6
48.5360959	-4.77503118e-16	-0.023676913999999993	-1.9999999949504854e-6	3.7999999999982492e-6
48.6316164	3.040475297e-15	-0.023398977	-1.9999999949504854e-6	3.7999999999982492e-6
48.7290306	-5.677796299999999e-17	-0.02371753	-1.9999999949504854e-6	3.899999999390502e-6
48.8264854	-1.080840893e-15	-0.024103211	-1.9999999949504854e-6	3.899999999390502e-6
48.92329	1.15987898e-16	-0.023852029999999996	-1.9999999949504854e-6	3.899999999390502e-6
49.0173711	2.3261376970000002e-15	-0.024284693999999996	-1.9999999949504854e-6	3.899999999390502e-6
49.1127704	2.313605457e-15	-0.024877748000000005	-1.9999999949504854e-6	3.899999999390502e-6
49.2084475	1.023232459e-15	-0.023737072999999997	-1.9999999949504854e-6	3.999999998782755e-6
49.3030961	-2.162194053e-15	-0.024321515000000002	-1.9999999949504854e-6	3.999999998782755e-6
49.3976561	-1.574969163e-15	-0.023403913	-1.9999999949504854e-6	3.899999999390502e-6
49.494073	-1.068308653e-15	-0.023678991999999996	-1.9999999949504854e-6	3.999999998782755e-6
49.5911534	-1.352969503e-15	-0.023857363000000006	-1.9999999949504854e-6	3.999999998782755e-6
49.6875658	7.51551429e-16	-0.023485521999999995	-1.9999999949504854e-6	3.999999998782755e-6
49.7845055	3.303786946e-16	-0.024603885000000006	-1.9999999949504854e-6	3.999999998782755e-6
49.8818671	8.276400210000001e-16	-0.024025156000000006	-1.9999999949504854e-6	3.999999998782755e-6
49.9790533	3.442536731e-16	-0.023728458999999993	-1.9999999949504854e-6	3.999999998782755e-6
50.0	-1.349388863e-15	-0.023746841000000005	-1.9999999949504854e-6	3.999999998782755e-6
