0.0	0.0	0.0	0.0	0.0
0.122574469	4.952222938e-17	2.6589999999881986e-6	0.0	0.0
0.245069788	-3.134427282e-17	1.8970000000007037e-6	0.0	0.0
0.367505767	-2.984404402e-17	1.5130000000085353e-6	0.0	0.0
0.489870104	-1.4631297620000002e-17	6.743000000003496e-6	0.0	0.0
0.612177815	-1.009665487e-17	4.564000000012447e-6	0.0	0.0
0.734381006	-2.30902597e-18	8.283999999997294e-6	0.0	0.0
0.856501197	5.38943661e-18	1.2678999999987672e-5	0.0	0.0
0.978497503	-4.446442452e-17	1.1413999999987379e-5	0.0	0.0
1.10039624	-4.410464502e-17	2.232699999998866e-5	0.0	0.0
1.22218017	-3.737985462e-17	2.0077000000007228e-5	0.0	0.0
1.34386787	6.95700448e-18	2.742999999999496e-5	0.0	0.0
1.46542476	-6.440962999999996e-19	3.1756999999993374e-5	0.0	0.0
1.5868538	-5.173111498e-18	3.012099999999407e-5	0.0	0.0
1.7081592	-3.780653622e-17	3.696599999999939e-5	0.0	0.0
1.8293521	1.566208488e-17	3.422499999999884e-5	0.0	0.0
1.95045276	-4.769094499999999e-19	4.1386000000004364e-5	0.0	0.0
2.07147185	-2.187048812e-17	4.0037999999992246e-5	0.0	0.0
2.19244102	1.377480700000001e-19	4.774299999998899e-5	0.0	0.0
2.31337047	1.622746058e-17	4.403699999999677e-5	0.0	0.0
2.43429562	-4.837016763e-18	5.316799999999233e-5	0.0	0.0
2.55523236	1.2706155879999999e-17	4.7507000000002186e-5	0.0	0.0
2.67620136	-2.575370312e-17	5.5162999999996964e-5	0.0	0.0
2.79721445	-6.061620382e-17	5.345700000000675e-5	0.0	0.0
2.91829775	-8.42123505e-18	5.898700000001034e-5	0.0	0.0
3.03934578	-3.457286392e-17	6.121200000000493e-5	0.0	0.0
3.16025462	-4.004410812e-17	6.188800000000994e-5	0.0	0.0
3.28099116	-2.651926592e-17	6.400200000000744e-5	0.0	0.0
3.40153978	-4.733304492e-17	6.40990000000119e-5	0.0	0.0
3.52180467	-4.822820482e-17	5.967000000001166e-5	0.0	0.0
3.64122788	-1.448312412e-17	6.240299999998866e-5	0.0	0.0
3.7587834	-2.406194702e-17	5.542499999999784e-5	0.0	0.0
3.8748986	1.874305578e-17	6.403299999999112e-5	0.0	0.0
3.99089032	4.8991857699999995e-18	5.9725000000010464e-5	0.0	0.0
4.10779115	-1.0230896080000001e-17	6.583299999998737e-5	0.0	0.0
4.22534161	7.45113458e-18	6.251099999998733e-5	0.0	0.0
4.34331219	-5.878086372e-17	6.313799999999037e-5	0.0	0.0
4.46101002	-1.4826212320000002e-17	5.978800000000506e-5	0.0	0.0
4.57850184	-4.232071762e-17	6.449499999999775e-5	0.0	0.0
4.69571778	7.52997458e-18	6.153400000000198e-5	0.0	0.0
4.81241767	-1.189609893e-17	6.365899999999369e-5	0.0	0.0
4.92854904	1.047251778e-17	6.371299999999303e-5	0.0	0.0
5.04410132	-1.547433452e-17	5.9051000000004406e-5	0.0	0.0
5.15933545	-8.94016991e-18	5.97940000000019e-5	0.0	0.0
5.27394321	-2.537195982e-17	5.7440999999991416e-5	0.0	0.0
5.38762465	-8.213398849999999e-18	5.9427000000000785e-5	0.0	0.0
5.50055186	-1.939951022e-17	5.671099999998708e-5	0.0	0.0
5.61340829	-1.052090515e-17	5.486399999998781e-5	0.0	0.0
5.72698742	-1.560513362e-17	4.7698000000012675e-5	0.0	0.0
5.84145533	-1.12959379e-18	5.04990000000094e-5	0.0	0.0
5.95722246	-3.506655682e-17	4.47160000000002e-5	0.0	0.0
6.07457842	1.805269288e-17	4.840600000000084e-5	0.0	0.0
6.1925234	1.416133708e-17	4.5336000000006926e-5	0.0	0.0
6.31042388	-3.546212312e-17	4.708999999999963e-5	0.0	0.0
6.42826048	-3.201791012e-17	4.651899999999487e-5	0.0	0.0
6.54584331	-1.685215082e-17	4.415999999998754e-5	0.0	0.0
6.66371943	-2.197200222e-17	3.8845000000009566e-5	0.0	0.0
6.78083201	4.713178538e-17	3.3895000000006004e-5	0.0	0.0
6.89628153	1.751447148e-17	2.837999999999452e-5	0.0	0.0
7.01044753	2.6572283280000002e-17	2.5887000000002214e-5	0.0	0.0
7.12246395	3.2458936100000002e-18	3.289200000000658e-5	0.0	0.0
7.23404124	7.28984838e-18	3.429799999998817e-5	0.0	0.0
7.34609181	2.2060569899999997e-18	4.18339999999906e-5	0.0	0.0
7.45881231	1.849424918e-17	4.470300000000704e-5	0.0	0.0
7.57206395	3.194892488e-17	4.734300000000524e-5	0.0	0.0
7.68504516	3.524223258e-17	4.3930999999997056e-5	0.0	0.0
7.79746004	2.0397443200000004e-18	3.975900000000032e-5	0.0	0.0
7.91081063	-4.225482632e-17	3.858700000000659e-5	0.0	0.0
8.02502277	-4.626312163e-18	4.769600000001373e-5	0.0	0.0
8.13933382	3.516889290000001e-18	5.345400000000833e-5	0.0	0.0
8.25396942	-7.72167283e-18	5.544699999998626e-5	0.0	0.0
8.36861264	-3.08513354e-18	5.832499999999796e-5	0.0	0.0
8.48196666	-1.4135637769999998e-17	5.396499999998916e-5	0.0	0.0
8.59384137	-1.44512166e-17	3.934799999999461e-5	0.0	0.0
8.70601563	2.916072908e-17	-8.590000000058273e-7	0.0	0.0
8.81981103	-6.10803974e-18	2.6509000000007887e-5	0.0	0.0
8.93375161	-1.436139465e-17	5.2464000000002065e-5	0.0	0.0
9.04773555	-2.02338779e-18	5.62129999999994e-5	0.0	0.0
9.16187773	2.376124958e-17	5.392700000000916e-5	0.0	0.0
9.27671382	-3.183198312e-17	5.6333999999991224e-5	0.0	0.0
9.39189327	7.18584838e-18	5.5800999999994216e-5	0.0	0.0
9.50614754	1.716862418e-17	5.669799999999392e-5	0.0	0.0
9.62068041	4.465272128e-17	6.191299999999678e-5	0.0	0.0
9.73631867	1.465486608e-17	5.798600000000986e-5	0.0	0.0
9.84905407	7.18450978e-18	3.51939999999884e-5	0.0	0.0
9.95923985	2.148608788e-17	4.044100000000217e-5	0.0	0.0
10.0700772	2.6608780279999997e-17	5.141999999999647e-5	0.0	0.0
10.1804886	7.09862158e-18	4.701200000001293e-5	0.0	0.0
10.2913101	1.644168918e-17	3.070499999999199e-5	0.0	0.0
10.4037303	1.257180538e-17	4.697400000000518e-5	0.0	0.0
10.5193398	2.72313422e-18	3.996100000000502e-5	0.0	0.0
10.6362311	1.444129308e-17	3.3082999999989315e-5	0.0	0.0
10.7532253	3.270050078e-17	2.3209999999995734e-5	0.0	0.0
10.8700217	3.936262348e-17	2.8229999999990207e-5	0.0	0.0
10.9869721	3.321626678e-17	3.924599999999279e-5	0.0	0.0
11.1037779	2.196945458e-17	4.822800000001126e-5	0.0	0.0
11.2199337	2.83787029e-18	4.960400000000864e-5	0.0	0.0
11.3353196	-2.551923862e-17	5.6325999999995435e-5	0.0	0.0
11.4509209	2.365121218e-17	5.042899999999073e-5	0.0	0.0
11.5666166	3.335091778e-17	5.6349000000011085e-5	0.0	0.0
11.6825138	1.937702038e-17	5.357000000000278e-5	0.0	0.0
11.7973259	-7.762868540000001e-18	5.515300000000223e-5	0.0	0.0
11.9103489	-3.5758394000000033e-19	5.6541999999992765e-5	0.0	0.0
12.0213606	2.1844210399999998e-18	6.275899999999557e-5	0.0	0.0
12.1310322	2.6363791480000002e-17	5.5184000000013667e-5	0.0	0.0
12.2394968	8.87451748e-18	6.654700000000013e-5	0.0	0.0
12.3469212	8.68434238e-18	5.9824000000013866e-5	0.0	0.0
12.453595	2.969725678e-17	4.798599999999986e-5	0.0	0.0
12.5602217	-6.955977700000001e-19	1.7566999999996114e-5	0.0	0.0
12.6659742	2.114297238e-17	3.776699999999411e-5	0.0	0.0
12.7699567	-5.095746604e-18	5.44739999999988e-5	0.0	0.0
12.8738296	2.215439818e-17	1.5042999999992368e-5	0.0	0.0
12.9753946	-1.3830112e-17	-2.433300000000138e-5	0.0	0.0
13.0786106	4.466190018e-17	1.8692999999986304e-5	0.0	0.0
13.1826205	1.257164148e-17	4.312600000000444e-5	0.0	0.0
13.2887625	3.739156708e-17	4.4623999999993114e-5	0.0	0.0
13.394463	3.366231688e-17	3.895500000000718e-5	0.0	0.0
13.500241	1.435431228e-17	1.6207999999989786e-5	0.0	0.0
13.6048328	-1.7716787e-18	3.964999999994667e-6	0.0	0.0
13.7083491	8.25682758e-18	-2.5262999999997593e-5	0.0	0.0
13.8095661	3.174524108e-17	-4.428400000000554e-5	0.0	0.0
13.9108594	1.810716518e-17	-3.218400000000454e-5	0.0	0.0
14.0120916	2.022617658e-17	-2.644499999999994e-5	0.0	0.0
14.1135233	-2.9754240000000002e-18	-2.4617000000004552e-5	0.0	0.0
14.2138247	-5.459623859e-18	-1.693699999999465e-5	0.0	0.0
14.3147088	3.2260060299999994e-18	-1.4878999999995424e-5	0.0	0.0
14.4154519	-5.267959984e-18	-2.4143000000004244e-5	0.0	0.0
14.5129485	1.398540848e-17	-2.1303999999999768e-5	0.0	0.0
14.6104955	-1.804846562e-17	-2.679799999999455e-5	0.0	0.0
14.7105245	2.499832298e-17	-2.758799999999506e-5	0.0	0.0
14.8110268	4.067127028e-17	-1.9047999999993737e-5	0.0	0.0
14.9108501	-1.027094443e-17	-1.5404999999996116e-5	0.0	0.0
15.0102657	2.7033413079999997e-17	-2.99170000000043e-5	0.0	0.0
15.1083605	-1.251119354e-17	-3.187899999999855e-5	0.0	0.0
15.2076752	2.6288047699999996e-18	-2.5590000000005886e-5	0.0	0.0
15.3065591	2.450004058e-17	-2.824199999999777e-5	0.0	0.0
15.4058632	-1.136929645e-17	-3.056599999999576e-5	0.0	0.0
15.5054069	3.248217448e-17	-4.22969999999967e-5	0.0	0.0
15.6044805	-1.369461417e-17	-5.1585000000006764e-5	0.0	0.0
15.7012349	-3.2027107000000002e-18	-4.841799999999452e-5	0.0	0.0
15.7988926	-2.100275552e-17	-4.094300000000162e-5	0.0	0.0
15.8964086	7.660646500000003e-19	-5.1337999999997996e-5	0.0	0.0
15.9930618	1.462530788e-17	-6.243899999999747e-5	0.0	0.0
16.0909658	1.372927378e-17	-4.9553999999993326e-5	0.0	0.0
16.1901812	-2.131746022e-17	-5.143200000000403e-5	0.0	0.0
16.2901142	1.910285578e-17	-4.876299999999334e-5	0.0	0.0
16.3880649	2.500968728e-17	-5.9066999999995984e-5	0.0	0.0
16.4851655	-9.9321452e-18	-6.306000000000367e-5	0.0	0.0
16.5814506	-1.001082136e-17	-7.429300000000305e-5	0.0	0.0
16.6787301	-3.163911722e-17	-8.547799999999994e-5	0.0	0.0
16.7762222	1.829161708e-17	-8.378900000000078e-5	0.0	0.0
16.8730235	-1.758733592e-17	-9.914499999999493e-5	0.0	0.0
16.966788	-6.965104000000007e-20	-7.528699999999333e-5	0.0	0.0
17.0615461	-1.4287307929999998e-17	-8.941499999999547e-5	0.0	0.0
17.1541267	-3.0527816420000005e-17	-0.00010431299999999477	0.0	0.0
17.2497724	-2.236035642e-17	-9.53919999999997e-5	0.0	0.0
17.3454977	-2.0456247300000002e-18	-8.848799999999768e-5	0.0	0.0
17.4411926	-1.418240638e-17	-9.848299999999643e-5	0.0	0.0
17.5371815	8.47632868e-18	-0.00010566300000000584	0.0	0.0
17.6334081	-9.27793105e-18	-0.00010725899999999844	0.0	0.0
17.7307526	-1.685215082e-17	-0.00010647799999999319	0.0	0.0
17.8283896	-1.949566992e-17	-0.00010730300000000303	0.0	0.0
17.926468	2.5389008700000006e-18	-0.0001088300000000042	0.0	0.0
18.0252491	1.0773489999999927e-20	-0.00010568399999999478	0.0	0.0
18.1222707	-3.030009262e-17	-0.00010372799999999738	0.0	0.0
18.2127737	-2.651882882e-17	-0.0001019149999999941	0.0	0.0
18.305354	-5.3269671059999996e-18	-0.00010901800000000239	0.0	0.0
18.4016168	-4.772300155e-18	-0.00012108600000000636	0.0	0.0
18.4974824	-6.195100000000002e-19	-0.00011676900000000268	0.0	0.0
18.5905727	-7.15094283e-18	-0.0001251879999999983	0.0	0.0
18.6851371	-5.62243981e-18	-0.00013614700000000313	0.0	0.0
18.7753134	-4.407235502e-17	-0.00012467200000000622	0.0	0.0
18.8676696	2.3316401379999997e-17	-0.00012506800000000595	0.0	0.0
18.9641464	-7.11379019e-18	-0.00014187599999999911	0.0	0.0
19.0594623	-1.691684012e-17	-0.00014591199999999804	0.0	0.0
19.1552915	2.170616258e-17	-0.00014592900000000297	0.0	0.0
19.2507674	-1.661087732e-17	-0.00016863999999999768	0.0	0.0
19.3449507	-1.304247619e-17	-0.0001579149999999946	0.0	0.0
19.4395514	5.051220400000001e-19	-0.00013390400000000413	0.0	0.0
19.5371037	-5.6853807400000005e-18	-0.00015780099999999908	0.0	0.0
19.6327449	-6.4311285e-19	-0.00016108800000000367	0.0	0.0
19.7283821	2.093338788e-17	-0.00017590600000000345	0.0	0.0
19.8259113	-2.706934342e-17	-0.00014329100000000372	0.0	0.0
19.9200887	-1.1189215449999999e-17	-0.0001505170000000028	0.0	0.0
20.0144912	-1.16367954e-17	-0.00014166499999999915	0.0	0.0
20.1089891	-3.328847552e-17	-0.0001361119999999938	0.0	0.0
20.2018317	6.497186079999999e-18	-0.00016805599999999976	0.0	0.0
20.2975354	3.0808922100000003e-18	-0.00017960799999999777	0.0	0.0
20.3925968	1.0956303600000003e-18	-0.00018026299999999995	0.0	0.0
20.4884469	-9.036183699999997e-19	-0.00014081600000000194	0.0	0.0
20.5845017	-2.350203502e-17	-0.00015453099999999942	0.0	0.0
20.6794425	-4.787853292e-17	-0.00016962399999999322	0.0	0.0
20.7741392	-6.77723105e-18	-0.0001765330000000065	0.0	0.0
20.8690648	-1.168574946e-17	-0.00019558100000000023	0.0	0.0
20.963506	7.59165888e-18	-0.00016829799999999728	0.0	0.0
21.0591615	3.090777698e-17	-0.00017055300000000384	0.0	0.0
21.1551036	9.18965918e-18	-0.00017667700000000008	0.0	0.0
21.2505459	1.746289488e-17	-0.00016273899999999508	0.0	0.0
21.348391	-7.777292500000001e-18	-0.0001516159999999933	0.0	0.0
21.4464299	1.418122468e-17	-0.00017811800000000488	0.0	0.0
21.5428755	8.7446292e-19	-0.00018797399999999354	0.0	0.0
21.6398527	-1.0565998000000002e-18	-0.0001655109999999932	0.0	0.0
21.7385279	-4.751312592e-17	-0.00017662000000000233	0.0	0.0
21.8349098	-1.336067756e-17	-0.00017580300000000215	0.0	0.0
21.930412	2.277790678e-17	-0.00019362300000000388	0.0	0.0
22.0260073	-7.952201000000001e-19	-0.0002134760000000041	0.0	0.0
22.1233549	-1.261237983e-17	-0.00021771299999999438	0.0	0.0
22.2175148	-3.103396642e-17	-0.00020067199999999896	0.0	0.0
22.3112394	-4.044625802e-17	-0.0001880449999999978	0.0	0.0
22.4063675	3.307923908e-17	-0.0002508170000000004	0.0	0.0
22.501511	-3.748453762e-17	-0.0002367389999999997	0.0	0.0
22.5943839	7.29443788e-18	-0.00021396899999999441	0.0	0.0
22.6888181	-5.4021465510000004e-18	-0.00022892800000000324	0.0	0.0
22.7828426	-3.331907182e-17	-0.00023072999999999844	0.0	0.0
22.8748509	-3.621173212e-17	-0.00019340800000000602	0.0	0.0
22.9677452	2.028124988e-17	-0.00020009499999999736	0.0	0.0
23.0643708	-3.050508772e-17	-0.00023681899999999922	0.0	0.0
23.1613399	5.0547897300000005e-18	-0.00019349500000000186	0.0	0.0
23.2576567	-1.5706900000000022e-19	-0.0001885930000000008	0.0	0.0
23.35336	-3.38454005e-18	-0.0002111239999999931	0.0	0.0
23.4513088	1.377735368e-17	-0.00022677999999999587	0.0	0.0
23.5483285	-3.857471211e-18	-0.00021261899999999723	0.0	0.0
23.6428289	-7.0491009e-18	-0.0002606349999999952	0.0	0.0
23.7375842	3.171551898e-17	-0.0002634289999999956	0.0	0.0
23.8322298	2.221843188e-17	-0.000255169999999999	0.0	0.0
23.9268742	2.858595598e-17	-0.0002589769999999936	0.0	0.0
24.0217088	-1.531184642e-17	-0.00027040400000000187	0.0	0.0
24.1183886	-2.02081989e-18	-0.0002582029999999985	0.0	0.0
24.2135894	4.707310598e-17	-0.00032282699999999775	0.0	0.0
24.3084684	-3.39781665e-18	-0.000347889000000004	0.0	0.0
24.4018757	-7.9232805e-18	-0.00034408299999999503	0.0	0.0
24.4967374	-1.402155733e-17	-0.0003242070000000069	0.0	0.0
24.5923377	-4.879292482e-17	-0.0003916929999999985	0.0	0.0
24.6883786	3.175048608e-17	-0.00040848599999999957	0.0	0.0
24.784918	-1.975617542e-17	-0.0003881429999999936	0.0	0.0
24.8815874	-6.79034374e-18	-0.00042370399999999697	0.0	0.0
24.9797219	-2.937564772e-17	-0.0004632680000000028	0.0	0.0
25.0773273	-1.82500366e-18	-0.00047724899999999904	0.0	0.0
25.1722598	8.38541398e-18	-0.0004955549999999947	0.0	0.0
25.2652154	-2.358857882e-17	-0.0005539390000000033	0.0	0.0
25.3600968	-2.055342722e-17	-0.0006309490000000056	0.0	0.0
25.4542658	3.917052248e-17	-0.0006723359999999956	0.0	0.0
25.5511785	2.48295337e-18	-0.0008010710000000004	0.0	0.0
25.6477021	-4.5664308609e-18	-0.0007410520000000059	0.0	0.0
25.7441767	-1.10642803e-18	-0.0008111829999999931	0.0	0.0
25.8388306	-1.502861222e-17	-0.0009051189999999959	0.0	0.0
25.935181	-1.220326378e-17	-0.0010073629999999972	0.0	0.0
26.0297904	5.923724279999999e-18	-0.0010941460000000042	0.0	0.0
26.1234845	5.028564349999999e-18	-0.001198168999999999	0.0	0.0
26.2187789	2.886219678e-17	-0.001386253000000004	0.0	0.0
26.3137739	3.266662638e-17	-0.0014435129999999935	0.0	0.0
26.408322	-2.070728282e-17	-0.0014948000000000045	0.0	0.0
26.5036857	-1.6291874300000001e-18	-0.0017999870000000029	0.0	0.0
26.6004845	-2.210597022e-17	-0.0018137520000000018	0.0	0.0
26.6956481	-1.874912052e-17	-0.002028165999999998	0.0	0.0
26.790821	-2.648386162e-17	-0.0021237479999999948	0.0	0.0
26.8878837	-1.6790958319999998e-17	-0.0023858380000000012	0.0	0.0
26.9830521	-6.764723022e-17	-0.0026492089999999996	0.0	0.0
27.080048	-6.38472441e-18	-0.002842559999999994	0.0	0.0
27.1766084	3.277852128e-17	-0.003094287000000001	0.0	0.0
27.2737811	-1.79702991e-18	-0.0034054929999999956	0.0	0.0
27.3684203	-5.293303932e-17	-0.0038005259999999985	0.0	0.0
27.4638123	-1.858127812e-17	-0.004252521999999995	0.0	0.0
27.5606664	-4.800965992e-17	-0.004095317000000001	0.0	0.0
27.6565848	2.835866928e-17	-0.004540137	0.0	0.0
27.7522731	-1.130810388e-17	-0.004638892000000006	0.0	0.0
27.8484116	-7.794848699999999e-19	-0.005280122999999998	0.0	0.0
27.9443596	1.8903542879999998e-17	-0.005587309999999998	0.0	0.0
28.0399849	2.903003928e-17	-0.006162036999999995	0.0	0.0
28.1359766	3.020493658e-17	-0.006593827999999996	0.0	0.0
28.2319965	3.042872658e-17	-0.006515800000000002	0.0	0.0
28.3282069	8.72109898e-18	-0.0071137170000000055	0.0	0.0
28.4235466	-3.737963602e-17	-0.007225387999999999	0.0	0.0
28.5178129	4.580984389999999e-18	-0.007754910000000004	0.0	0.0
28.6118399	2.1707986999999985e-19	-0.007666416999999995	0.0	0.0
28.7074436	-9.51778407e-18	-0.008142265999999995	0.0	0.0
28.8037665	-1.069268144e-17	-0.008364959000000005	0.0	0.0
28.9000028	8.615243048e-17	-0.008944011000000002	0.0	0.0
28.9955308	-2.014824502e-17	-0.009495990999999995	0.0	0.0
29.0898335	-7.296224222e-17	-0.009126156999999996	0.0	0.0
29.1845124	1.739296048e-17	-0.009191156000000006	0.0	0.0
29.2811009	-3.402278642e-17	-0.010059832000000005	0.0	0.0
29.3784626	-2.949103942e-17	-0.010899569999999997	0.0	0.0
29.4738489	-4.129596062e-17	-0.010363843999999997	0.0	0.0
29.5706489	1.935112278e-17	-0.010428060000000003	0.0	0.0
29.668431	-4.736626372e-17	-0.010864760000000001	0.0	0.0
29.7646259	-3.849858592e-17	-0.011004313000000002	0.0	0.0
29.8614237	-1.5732399399999999e-18	-0.011599092000000005	0.0	0.0
29.957059	-5.293303932e-17	-0.011770613999999999	0.0	0.0
30.0532293	-3.827479592e-17	-0.011882715000000002	0.0	0.0
30.1493014	-9.735534952e-17	-0.011554449999999994	0.0	0.0
30.2430103	2.164497008e-17	-0.012595811999999998	0.0	0.0
30.3381187	3.121199148e-17	-0.012688551000000006	0.0	0.0
30.4350182	3.848516568e-17	-0.012633762000000007	0.0	0.0
30.5319138	-8.23099171e-18	-0.012883153999999994	0.0	0.0
30.6276155	-1.723853822e-17	-0.013166649000000002	0.0	0.0
30.7247219	-1.385371485e-17	-0.013504424000000001	0.0	0.0
30.8213145	3.110009648e-17	-0.013548748999999999	0.0	0.0
30.9170555	1.828812038e-17	-0.013842048999999995	0.0	0.0
31.0115215	-6.535338302e-17	-0.014032419000000004	0.0	0.0
31.1058293	1.286121348e-17	-0.014678144000000004	0.0	0.0
31.2007676	-6.468201312e-17	-0.014436380999999998	0.0	0.0
31.2953783	-4.879292482e-17	-0.014089587	0.0	0.0
31.3919728	-4.252680552e-17	-0.014824452000000002	0.0	0.0
31.488586	1.7836097000000003e-18	-0.015473061999999996	0.0	0.0
31.5849607	-5.729694392e-17	-0.014961627000000005	0.0	0.0
31.6806008	-1.477684852e-17	-0.015099584999999999	0.0	0.0
31.7770059	6.290624678e-17	-0.015597911000000006	0.0	0.0
31.8733738	1.7276621999999998e-18	-0.015554738999999998	0.0	0.0
31.9706191	-1.276273872e-17	-0.016177684999999997	0.0	0.0
32.0669043	9.174717988e-17	-0.016097214999999998	0.0	0.0
32.1632758	-5.785641882e-17	-0.016534002000000006	0.0	0.0
32.2593316	1.610616818e-17	-0.016471273999999994	0.0	0.0
32.3564918	1.118278868e-17	-0.016802948999999998	0.0	0.0
32.4533168	-5.080703462e-17	-0.016668858999999994	0.0	0.0
32.5499233	1.297310848e-17	-0.016777927999999998	0.0	0.0
32.6455532	-1.6790958319999998e-17	-0.017064129999999997	0.0	0.0
32.7413758	5.1404593300000006e-18	-0.017246515000000004	0.0	0.0
32.8381921	-2.775666712e-17	-0.018274307000000004	0.0	0.0
32.935641	5.755881779999999e-18	-0.017098462999999994	0.0	0.0
33.0313672	1.3868268380000001e-17	-0.017679503	0.0	0.0
33.1263981	7.585809168e-17	-0.017755836999999997	0.0	0.0
33.222931	-1.597971962e-17	-0.017477400000000004	0.0	0.0
33.3188074	4.713954368e-17	-0.018036819999999995	0.0	0.0
33.4138057	-7.340982212e-17	-0.018140167999999998	0.0	0.0
33.5084634	-6.710110000000167e-21	-0.017618705	0.0	0.0
33.6041461	-4.818194584e-18	-0.017670368000000006	0.0	0.0
33.6991463	2.1707986999999985e-19	-0.017780909999999997	0.0	0.0
33.7944956	-2.160244272e-17	-0.01763626	0.0	0.0
33.8899971	-3.682016112e-17	-0.017962496999999994	0.0	0.0
33.9859312	-7.654288182e-17	-0.017245645000000004	0.0	0.0
34.0813915	5.4374253979999997e-17	-0.018419073999999994	0.0	0.0
34.1767239	4.4690894099999996e-18	-0.018688777000000004	0.0	0.0
34.2718754	-1.0138356912e-16	-0.017913132999999998	0.0	0.0
34.3679015	-1.79702991e-18	-0.017957848999999998	0.0	0.0
34.4651636	-7.542393192e-17	-0.01887187	0.0	0.0
34.5613414	-3.795309782e-17	-0.018149042000000004	0.0	0.0
34.6573533	-2.193812772e-17	-0.018849023000000006	0.0	0.0
34.7530761	2.371502728e-17	-0.018709255999999994	0.0	0.0
34.848837	-1.0189153999999999e-17	-0.017558907999999998	0.0	0.0
34.9451351	4.855571458e-17	-0.018213512	0.0	0.0
35.0403594	-2.574255732e-17	-0.018500886999999994	0.0	0.0
35.1353759	-6.110137342e-17	-0.018163935000000006	0.0	0.0
35.2301378	-7.005297252e-17	-0.018998930999999997	0.0	0.0
35.3263527	-1.511253342e-17	-0.018182553000000004	0.0	0.0
35.4213818	-1.0563557862e-16	-0.018603393999999995	0.0	0.0
35.5150107	-9.360686742e-17	-0.018251530000000002	0.0	0.0
35.6090527	8.169061788e-17	-0.019490642000000002	0.0	0.0
35.7051697	5.968926588e-17	-0.018606278000000004	0.0	0.0
35.8013136	-5.147840452e-17	-0.018839576999999996	0.0	0.0
35.8976513	-2.9323196919999996e-17	-0.019173290999999995	0.0	0.0
35.995109	1.3823954738e-16	-0.019435676	0.0	0.0
36.0914742	2.416260728e-17	-0.019487289000000005	0.0	0.0
36.187314	5.683594368e-17	-0.019215142000000004	0.0	0.0
36.2840516	3.647105588e-17	-0.019041828999999996	0.0	0.0
36.380209	-1.533632342e-17	-0.020431999000000006	0.0	0.0
36.4754461	1.7387810138e-16	-0.020329922	0.0	0.0
36.5683545	-1.4105478570000002e-17	-0.020181836999999994	0.0	0.0
36.6626323	1.3360297500000002e-18	-0.020128332999999998	0.0	0.0
36.757026	-6.938160252e-17	-0.020199652999999998	0.0	0.0
36.851935	-7.531203692e-17	-0.019883144000000005	0.0	0.0
36.946891	6.690649258e-17	-0.021223028000000005	0.0	0.0
37.0429385	6.03561928e-18	-0.019987567999999997	0.0	0.0
37.1387048	5.717162868e-17	-0.020411960000000007	0.0	0.0
37.2334013	1.4914930838e-16	-0.020268813999999996	0.0	0.0
37.3287695	6.578754278e-17	-0.020381404000000006	0.0	0.0
37.4251382	-4.230745897e-18	-0.019941612999999997	0.0	0.0
37.5209109	4.567441868e-17	-0.021423480999999994	0.0	0.0
37.6173062	-1.4497111020000002e-17	-0.020167115	0.0	0.0
37.7121933	6.578754278e-17	-0.020603489000000003	0.0	0.0
37.8075959	-4.879292482e-17	-0.020402595999999995	0.0	0.0
37.902975	7.876736128e-17	-0.020903076000000007	0.0	0.0
37.9992007	-6.546527802e-17	-0.021034857000000004	0.0	0.0
38.0943531	7.384398188e-17	-0.020595622999999993	0.0	0.0
38.1904264	-1.5199507062e-16	-0.02163036	0.0	0.0
38.2882735	-8.406781972e-17	-0.021526663	0.0	0.0
38.3849408	2.4945872179999998e-17	-0.021284967000000002	0.0	0.0
38.4812052	1.3329773780000001e-17	-0.022022738	0.0	0.0
38.5772832	8.771896038e-17	-0.021435956000000006	0.0	0.0
38.6732315	5.588039279999999e-18	-0.021054220999999998	0.0	0.0
38.7663745	-1.0272630892e-16	-0.021848366999999994	0.0	0.0
38.8618503	-1.150392011e-17	-0.021394458000000005	0.0	0.0
38.9582257	-6.266790332e-17	-0.021091700000000005	0.0	0.0
39.0527819	-2.677758592e-17	-0.021223801	0.0	0.0
39.1481295	6.70698918e-18	-0.022202819	0.0	0.0
39.2438227	1.895949038e-17	-0.020947694000000003	0.0	0.0
39.3360831	-1.3494499599999998e-18	-0.021253896999999994	0.0	0.0
39.4314846	2.595292708e-17	-0.020996424	0.0	0.0
39.5263323	6.601133268e-17	-0.021383082999999997	0.0	0.0
39.6207698	-5.517093912e-17	-0.02101369	0.0	0.0
39.716116	-6.938160252e-17	-0.020868818999999997	0.0	0.0
39.8113289	2.4833977179999997e-17	-0.021959304	0.0	0.0
39.9074575	2.371502728e-17	-0.021862041	0.0	0.0
40.0036467	5.2583934179999996e-17	-0.021251418999999994	0.0	0.0
40.0998082	4.340854518e-17	-0.021052224999999994	0.0	0.0
40.1962687	-8.325658102e-17	-0.021851038000000003	0.0	0.0
40.2927716	6.98366698e-18	-0.022062138999999995	0.0	0.0
40.3889314	-1.0384525882e-16	-0.022111470999999994	0.0	0.0
40.4846868	1.4226776738e-16	-0.020987166	0.0	0.0
40.5811563	-4.195334372e-17	-0.022293315999999994	0.0	0.0
40.6766763	7.496293178e-17	-0.023129687999999995	0.0	0.0
40.7724922	-3.603689622e-17	-0.021681856	0.0	0.0
40.8676119	-4.968808472e-17	-0.021232294	0.0	0.0
40.9637717	-6.736749282e-17	-0.021802235000000003	0.0	0.0
41.0599399	1.0535640738e-16	-0.021731700000000007	0.0	0.0
41.1564358	2.058196768e-17	-0.022617527999999998	0.0	0.0
41.2523494	-5.763262882e-17	-0.021747482999999998	0.0	0.0
41.3482835	6.981576228e-17	-0.021928295	0.0	0.0
41.4421148	3.893274568e-17	-0.021868507999999995	0.0	0.0
41.5370794	3.188336138e-17	-0.022494814000000002	0.0	0.0
41.6315738	-3.363115392e-17	-0.021997672999999995	0.0	0.0
41.7283711	-1.2309119662e-16	-0.020931585000000003	0.0	0.0
41.8248875	1.1490944238e-16	-0.021614994	0.0	0.0
41.9213221	4.049403038e-17	-0.022533655	0.0	0.0
42.0172802	-7.296224222e-17	-0.021395046	0.0	0.0
42.1113647	4.687728978e-17	-0.021877584000000005	0.0	0.0
42.206162	-5.6014594999999996e-18	-0.021119893	0.0	0.0
42.3013559	-8.28693921e-18	-0.021689799999999995	0.0	-1.0000000116860974e-7
42.3977209	3.400936618e-17	-0.021180248999999998	0.0	-1.0000000116860974e-7
42.493817	5.068171938e-17	-0.021694736000000006	0.0	-1.0000000116860974e-7
42.5886897	-2.1932088662e-16	-0.022492099	0.0	-1.0000000116860974e-7
42.6837075	4.822002968e-17	-0.021356772999999996	0.0	-1.0000000116860974e-7
42.7792388	-3.536552622e-17	-0.021590354000000006	0.0	-1.0000000116860974e-7
42.8741776	6.8188841799999996e-18	-0.021335298000000003	0.0	-1.0000000116860974e-7
42.9692061	1.834406788e-17	-0.021073352000000004	0.0	-1.0000000116860974e-7
43.0626371	-7.564772192e-17	-0.022234651999999994	0.0	-1.0000000116860974e-7
43.1578223	1.9782362838e-16	-0.022257262	0.0	-1.0000000116860974e-7
43.2544861	2.007844018e-17	-0.021791847000000003	0.0	-1.0000000116860974e-7
43.3515229	-4.856913482e-17	-0.021944472000000007	0.0	-1.0000000116860974e-7
43.448321	2.125333758e-17	-0.022224181999999995	0.0	-1.0000000116860974e-7
43.5443818	-4.789776492e-17	-0.022196869999999994	0.0	-1.0000000116860974e-7
43.639548	1.3229862238e-16	-0.021972074999999994	0.0	-1.0000000116860974e-7
43.7366501	-8.51072918e-18	-0.021817765000000003	0.0	-1.0000000116860974e-7
43.8321913	6.503924498e-17	-0.022667931000000002	0.0	-1.0000000116860974e-7
43.9276972	1.0175733779999999e-17	-0.022380457000000006	0.0	-1.0000000116860974e-7
44.0240621	1.8540328438e-16	-0.022454581	0.0	-1.0000000116860974e-7
44.1202459	-3.589702742e-17	-0.021912798999999997	0.0	-1.0000000116860974e-7
44.2160162	-1.276273872e-17	-0.021448172	0.0	-1.0000000116860974e-7
44.3119277	-8.672532572e-17	-0.022177919000000004	0.0	-1.0000000116860974e-7
44.4074188	-4.599555012e-17	-0.022250729999999996	0.0	-1.0000000116860974e-7
44.5032583	1.3420688479999999e-17	-0.023060401999999994	0.0	-1.0000000116860974e-7
44.5981065	-3.737963602e-17	-0.022751091	0.0	-1.0000000116860974e-7
44.6935502	-2.551876732e-17	-0.022325101	0.0	-1.0000000116860974e-7
44.7878395	-7.83935926e-18	-0.022462530999999994	0.0	-1.0000000116860974e-7
44.8823581	6.455669788e-17	-0.022830755999999994	0.0	-1.0000000116860974e-7
44.9776994	3.669484588e-17	-0.023206714000000003	0.0	-1.0000000116860974e-7
45.0729204	-1.827356692e-17	-0.02303049	0.0	-1.0000000116860974e-7
45.1685888	2.5001819680000002e-17	-0.022677014999999995	0.0	-1.0000000116860974e-7
45.2638411	-1.813369812e-17	-0.023178055000000003	0.0	-1.0000000116860974e-7
45.3600899	8.592864058e-17	-0.023731538999999996	0.0	-1.0000000116860974e-7
45.4568876	-8.67857166e-18	-0.023292434	0.0	-1.0000000116860974e-7
45.552215	-1.0350957382e-16	-0.023683357000000002	0.0	-1.0000000116860974e-7
45.6473497	-9.40588908e-18	-0.023352693999999993	0.0	-1.0000000116860974e-7
45.7436226	3.759000578e-17	-0.023153619	0.0	-1.0000000116860974e-7
45.8381943	4.978655948e-17	-0.022138875000000002	0.0	-1.0000000116860974e-7
45.9318347	-4.722639502e-17	-0.023210766999999993	0.0	-1.0000000116860974e-7
46.0261464	5.705973368e-17	-0.023896351999999996	0.0	-1.0000000116860974e-7
46.121019	4.810813468e-17	-0.023129465000000002	0.0	-1.0000000116860974e-7
46.216552	4.105875038e-17	-0.023092643999999996	0.0	-1.0000000116860974e-7
46.3115946	-4.034929669e-18	-0.023358019999999993	0.0	-1.0000000116860974e-7
46.4069979	-2.999456682e-17	-0.022652004000000003	0.0	-1.0000000116860974e-7
46.5026567	-1.6852056162e-16	-0.023600156999999997	0.0	-1.0000000116860974e-7
46.5991922	6.366153798e-17	-0.024316797	0.0	-1.0000000116860974e-7
46.6952409	4.877950458e-17	-0.023536418000000003	0.0	-1.0000000116860974e-7
46.7907826	-3.021835682e-17	-0.024112036000000003	0.0	-1.0000000116860974e-7
46.8863087	7.843167638e-17	-0.023888643	0.0	-1.0000000116860974e-7
46.9824347	5.261190788e-17	-0.024085872999999994	0.0	-1.0000000116860974e-7
47.0772935	-4.48250962e-18	-0.023484138	0.0	-1.0000000116860974e-7
47.1719604	2.897409178e-17	-0.023787817000000003	0.0	-1.0000000116860974e-7
47.2675744	-8.28693921e-18	-0.024981180000000006	0.0	-1.0000000116860974e-7
47.3632207	-1.6119588319999998e-17	-0.023608422000000004	0.0	-1.0000000116860974e-7
47.4565498	3.524021108e-17	-0.023565829999999996	0.0	-1.0000000116860974e-7
47.5530683	1.3091042538e-16	-0.024673709000000002	0.0	-1.0000000116860974e-7
47.6497958	-1.645527332e-17	-0.024685888000000003	0.0	-1.0000000116860974e-7
47.7466249	-6.780800299999997e-19	-0.023985882	0.0	-1.0000000116860974e-7
47.8431499	-6.154895342e-17	-0.024002102999999997	0.0	-1.0000000116860974e-7
47.9392459	-1.0932811362e-16	-0.024332527000000007	0.0	-1.0000000116860974e-7
48.0361896	7.32241158e-18	-0.023778482000000004	0.0	-1.0000000116860974e-7
48.1332168	5.917874498e-17	-0.023427994999999993	0.0	-1.0000000116860974e-7
48.2289872	-9.981703922e-17	-0.023901142	0.0	-1.0000000116860974e-7
48.3235442	-6.353508942e-17	-0.023525496000000007	0.0	-1.0000000116860974e-7
48.4190492	-1.3657454262e-16	-0.023823526999999997	0.0	-1.0000000116860974e-7
48.5148343	-5.394009422e-17	-0.023310418	0.0	-1.0000000116860974e-7
48.6087831	3.988385308e-17	-0.023414278999999996	0.0	-1.0000000116860974e-7
48.702875	-1.321031867e-17	-0.023762582000000004	0.0	-1.0000000116860974e-7
48.7982276	-5.953484362e-17	-0.024059284	0.0	-1.0000000116860974e-7
48.8941196	3.585563348e-17	-0.023805964	0.0	-1.0000000116860974e-7
48.9903165	1.5407268838e-16	-0.024236461	0.0	-1.0000000116860974e-7
49.0867278	-5.6014594999999996e-18	-0.023969327	0.0	-1.0000000116860974e-7
49.1824396	-5.035945462e-17	-0.023894652000000002	0.0	-1.0000000116860974e-7
49.278652	-4.579973392e-17	-0.023490971	0.0	-1.0000000116860974e-7
49.3756074	-4.756207992e-17	-0.024869862000000006	0.0	-1.0000000116860974e-7
49.4702194	-5.785641882e-17	-0.024616962000000006	0.0	-1.0000000116860974e-7
49.5659163	7.417966678e-17	-0.024153506000000005	0.0	-1.0000000116860974e-7
49.6631759	-1.0983164062e-16	-0.024559858000000004	0.0	-1.0000000116860974e-7
49.7602611	-1.8175214362e-16	-0.024794619000000004	0.0	-1.0000000116860974e-7
49.8570214	7.003955228e-17	-0.023880712999999998	0.0	-1.0000000116860974e-7
49.9526446	-2.9826724319999996e-17	-0.024504733	0.0	-1.0000000116860974e-7
50.0	1.3046284538e-16	-0.024559400999999995	0.0	-1.0000000116860974e-7
