0.0	0.0	0.0	0.0	0.0
0.122574452	2.7538213170000002e-15	2.657999999988725e-6	0.0	0.0
0.245069752	1.270113889e-15	1.8970000000007037e-6	0.0	0.0
0.367505713	-8.24017413e-16	1.5130000000085353e-6	0.0	0.0
0.489870032	4.2630417e-16	6.743000000003496e-6	0.0	0.0
0.612177726	8.28574519e-16	4.565000000011921e-6	0.0	0.0
0.734380914	7.13526365e-16	8.286999999995714e-6	0.0	0.0
0.856501103	-9.607758099999999e-17	1.268099999998662e-5	0.0	0.0
0.978497414	2.839527648e-16	1.1418000000013029e-5	0.0	0.0
1.10039615	5.57140881e-16	2.2329999999987082e-5	0.0	0.0
1.2221801	3.4490913170000002e-15	2.0082000000004596e-5	0.0	0.0
1.34386781	1.1960526000000025e-17	2.7434999999992327e-5	0.0	0.0
1.4654247	3.4583034270000002e-15	3.176099999999127e-5	0.0	0.0
1.58685372	2.2307402270000002e-15	3.0125999999991437e-5	0.0	0.0
1.70815908	1.669090767e-15	3.696999999999728e-5	0.0	0.0
1.82935194	2.082752117e-15	3.422999999999621e-5	0.0	0.0
1.95045255	3.702912857e-15	4.139000000000226e-5	0.0	0.0
2.07147158	3.211303977e-15	4.0042999999989615e-5	0.0	0.0
2.19244069	5.393020217e-15	4.774699999998688e-5	0.0	0.0
2.31337007	5.476214137e-15	4.4042999999993615e-5	0.0	0.0
2.43429516	5.834796267e-15	5.317199999999023e-5	0.0	0.0
2.55523185	6.676919037e-15	4.751299999999903e-5	0.0	0.0
2.6762008	7.401257257e-15	5.5165999999995385e-5	0.0	0.0
2.79721385	6.1299518570000004e-15	5.3461000000004644e-5	0.0	0.0
2.91829714	8.726795006999999e-15	5.899100000000823e-5	0.0	0.0
3.03934521	1.0207489136999999e-14	6.121600000000282e-5	0.0	0.0
3.1602541	8.215794197e-15	6.189100000000836e-5	0.0	0.0
3.28099069	8.341465376999999e-15	6.400500000000586e-5	0.0	0.0
3.40153935	8.266691557e-15	6.410200000001032e-5	0.0	0.0
3.52180437	8.999128176999999e-15	5.967300000001008e-5	0.0	0.0
3.64122783	7.946615946999999e-15	6.240499999998761e-5	0.0	0.0
3.75878376	7.255227307e-15	5.5426999999996784e-5	0.0	0.0
3.87489942	6.218978307e-15	6.40339999999906e-5	0.0	0.0
3.99089161	7.535296957e-15	5.972600000000994e-5	0.0	0.0
4.10779273	5.104916847e-15	6.583399999998685e-5	0.0	0.0
4.22534331	7.531793247e-15	6.25119999999868e-5	0.0	0.0
4.34331397	7.508445657e-15	6.313899999998984e-5	0.0	0.0
4.46101185	4.214918097e-15	5.978900000000453e-5	0.0	0.0
4.57850373	3.128099567e-15	6.44969999999967e-5	0.0	0.0
4.69571972	5.841393917e-15	6.15370000000004e-5	0.0	0.0
4.81241965	4.089616697e-15	6.366099999999264e-5	0.0	0.0
4.92855105	5.689987767e-15	6.371499999999197e-5	0.0	0.0
5.04410341	3.121200537e-15	5.905200000000388e-5	0.0	0.0
5.1593377	2.750450487e-15	5.97940000000019e-5	0.0	0.0
5.27394579	1.036682587e-15	5.7440999999991416e-5	0.0	0.0
5.38762773	1.248806636e-15	5.942800000000026e-5	0.0	0.0
5.50055548	1.399486347e-15	5.671500000001273e-5	0.0	0.0
5.61341241	1.643969907e-15	5.487000000001241e-5	0.0	0.0
5.72699194	8.425780010000001e-16	4.770700000000794e-5	0.0	0.0
5.84146017	1.0316543200000001e-16	5.050800000000466e-5	0.0	0.0
5.95722765	4.49994437e-16	4.472699999999441e-5	0.0	0.0
6.07458399	-5.522472210000001e-16	4.841799999999452e-5	0.0	0.0
6.19252909	2.816239504e-16	4.5349000000000084e-5	0.0	0.0
6.31042962	-1.626986343e-15	4.710099999999384e-5	0.0	0.0
6.42826611	-1.2377858529999999e-15	4.6530999999988554e-5	0.0	0.0
6.54584868	-1.1787420129999999e-15	4.416900000001056e-5	0.0	0.0
6.66372483	-8.369919800000002e-17	3.885200000000588e-5	0.0	0.0
6.78083714	-2.5910857799999995e-16	3.3898000000004425e-5	0.0	0.0
6.8962865	-7.766683529999999e-16	2.8378999999995047e-5	0.0	0.0
7.01045229	-8.35741043e-16	2.588600000000274e-5	0.0	0.0
7.12246731	-3.000539273e-15	3.2890000000007635e-5	0.0	0.0
7.23404293	-1.894111143e-15	3.429399999999028e-5	0.0	0.0
7.3460918	-2.582041533e-15	4.182799999999376e-5	0.0	0.0
7.45881109	-4.600270443e-15	4.4695000000011254e-5	0.0	0.0
7.57206154	-4.061149903e-15	4.733400000000998e-5	0.0	0.0
7.68504197	-3.721698973e-15	4.392400000000074e-5	0.0	0.0
7.79745705	-4.461719973e-15	3.975900000000032e-5	0.0	0.0
7.91080843	-3.663419173e-15	3.860199999999869e-5	0.0	0.0
8.02502093	-3.151139443e-15	4.7717000000002674e-5	0.0	0.0
8.13933206	-3.807665803e-15	5.3474999999997275e-5	0.0	0.0
8.25396735	-3.967595203e-15	5.546600000000401e-5	0.0	0.0
8.36860955	-2.686729783e-15	5.834099999998954e-5	0.0	0.0
8.48196184	-3.5251589230000002e-15	5.397500000001165e-5	0.0	0.0
8.59383377	-2.817786793e-15	3.934199999999777e-5	0.0	0.0
8.70600305	-2.327113283e-15	-9.059999999949664e-7	0.0	0.0
8.81979052	-2.232873223e-15	2.6412000000003433e-5	0.0	0.0
8.93372763	-2.065551753e-15	5.235800000000235e-5	0.0	0.0
9.04770693	-2.352917313e-15	5.610300000000179e-5	0.0	0.0
9.16183974	-2.778759913e-15	5.3816000000012076e-5	0.0	0.0
9.2766688	-3.660391883e-15	5.622399999999361e-5	0.0	0.0
9.3918474	-3.087971223e-15	5.5685999999999236e-5	0.0	0.0
9.50610411	-4.098753613e-15	5.658599999999736e-5	0.0	0.0
9.62064096	-5.512413913e-15	6.180000000000074e-5	0.0	0.0
9.73628233	-5.138051743e-15	5.787900000001067e-5	0.0	0.0
9.84901959	-4.614743363e-15	3.508699999998921e-5	0.0	9.99999993922529e-8
9.95920343	-5.5044693629999996e-15	4.0340999999999294e-5	0.0	9.99999993922529e-8
10.070042	-4.171338493e-15	5.134600000000766e-5	0.0	9.99999993922529e-8
10.1804533	-7.044207343e-15	4.695399999998795e-5	0.0	9.99999993922529e-8
10.2912774	-7.306328343000001e-15	3.061700000001055e-5	0.0	9.99999993922529e-8
10.4036959	-6.214919053e-15	4.688699999999546e-5	0.0	9.99999993922529e-8
10.5193013	-6.188979963e-15	3.988899999998741e-5	0.0	9.99999993922529e-8
10.6361873	-6.8024533029999995e-15	3.300900000000051e-5	0.0	9.99999993922529e-8
10.7531758	-7.746331783000001e-15	2.3144000000002718e-5	0.0	9.99999993922529e-8
10.8699643	-6.348643623e-15	2.816899999999456e-5	0.0	9.99999993922529e-8
10.9869089	-4.808080423e-15	3.919099999999398e-5	0.0	9.99999993922529e-8
11.1037119	-4.717912293e-15	4.8184000000006666e-5	0.0	9.99999993922529e-8
11.2198703	-4.644136783e-15	4.9584999999990886e-5	0.0	9.99999993922529e-8
11.3352591	-4.138078143e-15	5.63349999999907e-5	0.0	9.99999993922529e-8
11.4508575	-3.3142613530000002e-15	5.0400000000005996e-5	0.0	9.99999993922529e-8
11.56656	-4.210758753e-15	5.6319999999998593e-5	0.0	9.99999993922529e-8
11.6824612	-4.014699503e-15	5.3533999999993975e-5	0.0	9.99999993922529e-8
11.7972953	-4.099055643e-15	5.5099000000002896e-5	0.0	0.0
11.9103303	-3.2954804829999997e-15	5.6499999999987116e-5	0.0	0.0
12.0213234	-4.528759063e-15	6.271099999999308e-5	0.0	0.0
12.1309292	-4.418269753e-15	5.511099999999658e-5	0.0	0.0
12.2392417	-3.953360063e-15	6.626900000000768e-5	0.0	9.99999993922529e-8
12.3464094	-4.166804123e-15	5.869199999999908e-5	0.0	9.99999993922529e-8
12.453251	-3.853472813e-15	4.781100000000871e-5	0.0	9.99999993922529e-8
12.5603911	-4.039805933e-15	3.107099999999363e-5	0.0	9.99999993922529e-8
12.6657533	-4.240042013e-15	4.675300000001048e-5	0.0	9.99999993922529e-8
12.770283	-4.296993073e-15	4.878299999999669e-5	0.0	9.99999993922529e-8
12.8746886	-3.732947923e-15	1.2555999999996903e-5	0.0	9.99999993922529e-8
12.9772386	-3.8665470429999996e-15	-1.3903999999995142e-5	0.0	9.99999993922529e-8
13.0794205	-4.449803163e-15	1.9043999999995842e-5	0.0	9.99999993922529e-8
13.1812725	-4.899907743e-15	3.9282000000001593e-5	0.0	9.99999993922529e-8
13.2865178	-6.568926383e-15	3.925199999998963e-5	0.0	9.99999993922529e-8
13.3919427	-5.828715143e-15	2.6673000000004832e-5	0.0	9.99999993922529e-8
13.4933343	-6.2217651929999996e-15	2.470000000004413e-6	0.0	9.99999993922529e-8
13.5967242	-5.383454933e-15	-5.4369999999970275e-6	0.0	9.99999993922529e-8
13.6987666	-5.417107353e-15	-3.245100000000278e-5	0.0	9.99999993922529e-8
13.7992621	-4.893942343e-15	-4.031699999999805e-5	0.0	9.99999993922529e-8
13.9011549	-4.559523193e-15	-4.74770000000041e-5	0.0	9.99999993922529e-8
14.0032461	-3.4497827930000003e-15	-3.719400000000428e-5	0.0	9.99999993922529e-8
14.101829	-4.132790673e-15	-2.3106999999994438e-5	0.0	9.99999993922529e-8
14.2020196	-4.194738533e-15	-2.543700000000315e-5	0.0	9.99999993922529e-8
14.3032957	-4.322014713e-15	-2.150099999999322e-5	0.0	9.99999993922529e-8
14.4059805	-4.013334903e-15	-2.731300000000103e-5	0.0	9.99999993922529e-8
14.5078843	-4.107670243e-15	-1.707500000000528e-5	0.0	9.99999993922529e-8
14.6077957	-3.898440603e-15	-2.6762999999999093e-5	0.0	9.99999993922529e-8
14.7080426	-2.692282573e-15	-2.5822999999994267e-5	0.0	9.99999993922529e-8
14.8093933	-4.077640433e-15	-2.252099999999757e-5	0.0	9.99999993922529e-8
14.9103917	-3.060319173e-15	-2.1331999999998907e-5	0.0	9.99999993922529e-8
15.01019	-2.615172943e-15	-3.1943000000006494e-5	0.0	9.99999993922529e-8
15.1108515	-2.800890643e-15	-3.1446000000004415e-5	0.0	9.99999993922529e-8
15.2090322	-2.238926043e-15	-2.266400000000557e-5	0.0	9.99999993922529e-8
15.3088883	-2.713675493e-15	-3.4655999999994025e-5	0.0	9.99999993922529e-8
15.4083797	-3.564168313e-15	-3.617100000000151e-5	0.0	9.99999993922529e-8
15.507212	-2.315014633e-15	-4.136200000000312e-5	0.0	9.99999993922529e-8
15.6062769	-3.445135653e-15	-3.249600000000685e-5	0.0	9.99999993922529e-8
15.7059566	-1.932116543e-15	-3.92339999999991e-5	0.0	9.99999993922529e-8
15.8040412	-2.733376003e-15	-3.994899999999746e-5	0.0	9.99999993922529e-8
15.9031011	-2.753698933e-15	-4.345699999999675e-5	0.0	9.99999993922529e-8
16.0015187	-2.002463963e-15	-4.750200000000482e-5	0.0	9.99999993922529e-8
16.1008586	-2.781644703e-15	-5.35180000000024e-5	0.0	9.99999993922529e-8
16.1968804	-2.170809973e-15	-7.57769999999991e-5	0.0	9.99999993922529e-8
16.2912801	-2.075839093e-15	-7.158399999999954e-5	0.0	9.99999993922529e-8
16.3898169	-2.500956133e-15	-7.537500000000252e-5	0.0	9.99999993922529e-8
16.487425	-1.7342376830000001e-15	-5.913999999999919e-5	0.0	9.99999993922529e-8
16.5876054	-1.217080033e-15	-6.499000000000088e-5	0.0	9.99999993922529e-8
16.6884018	-9.01948783e-16	-6.91369999999969e-5	0.0	9.99999993922529e-8
16.7851288	-4.99966036e-16	-6.785400000000608e-5	0.0	9.99999993922529e-8
16.8802361	-2.154107673e-15	-6.774099999999617e-5	0.0	9.99999993922529e-8
16.9741464	-1.7941399729999998e-15	-6.661299999999315e-5	0.0	9.99999993922529e-8
17.0701833	-1.076910583e-15	-6.932299999999614e-5	0.0	9.99999993922529e-8
17.1672232	-3.4873996e-16	-8.510200000000356e-5	0.0	9.99999993922529e-8
17.2643041	-1.779373323e-15	-8.652000000000659e-5	0.0	9.99999993922529e-8
17.3625097	-1.916192923e-15	-7.481900000000374e-5	0.0	9.99999993922529e-8
17.4605378	-1.228234563e-15	-7.095000000000018e-5	0.0	9.99999993922529e-8
17.5564471	-1.081372393e-15	-9.827299999999595e-5	0.0	9.99999993922529e-8
17.6532897	-1.6172654630000001e-15	-7.686099999999751e-5	0.0	9.99999993922529e-8
17.7514198	-5.49689372e-16	-8.455500000000005e-5	0.0	9.99999993922529e-8
17.848813	-1.193547123e-15	-0.00010795399999999344	0.0	9.99999993922529e-8
17.9463418	-9.81422193e-16	-0.00010660799999999415	0.0	9.99999993922529e-8
18.041993	-9.840377429999999e-16	-0.00010201499999999697	0.0	9.99999993922529e-8
18.13845	-1.353340153e-15	-0.00011275400000000657	0.0	9.99999993922529e-8
18.2370542	-7.168395029999999e-16	-0.0001186839999999939	0.0	9.99999993922529e-8
18.3339043	2.06839635e-16	-0.00010987299999999645	0.0	9.99999993922529e-8
18.430824	2.397157807e-16	-0.00014261499999999872	0.0	9.99999993922529e-8
18.5258992	-1.5802194699999999e-16	-0.00014492300000000513	0.0	9.99999993922529e-8
18.6225474	8.183247629999999e-16	-0.00011876500000000678	0.0	9.99999993922529e-8
18.7205442	-1.485788853e-15	-0.0001317029999999969	0.0	9.99999993922529e-8
18.8182852	1.69921282e-16	-0.00013820500000000235	0.0	9.99999993922529e-8
18.9158967	-9.40748363e-16	-0.0001278680000000032	0.0	9.99999993922529e-8
19.0114736	-6.73375294e-16	-0.00014769900000000113	0.0	9.99999993922529e-8
19.1067154	3.373721314e-16	-0.00015470500000000498	0.0	9.99999993922529e-8
19.2039238	7.33256598e-16	-0.00013074999999999892	0.0	9.99999993922529e-8
19.2996135	1.23944155e-15	-0.00012665200000000487	0.0	9.99999993922529e-8
19.3951102	6.42761527e-16	-0.00013525000000000342	0.0	9.99999993922529e-8
19.4904334	1.893747487e-15	-0.0001523769999999952	0.0	9.99999993922529e-8
19.5867234	1.358022267e-15	-0.00013574800000000498	0.0	9.99999993922529e-8
19.6819659	8.333781350000001e-16	-0.00014823999999999393	0.0	9.99999993922529e-8
19.7747769	5.469654299999999e-16	-0.0001591350000000047	0.0	9.99999993922529e-8
19.8698008	9.5585769e-16	-0.00017662400000000023	0.0	9.99999993922529e-8
19.9648097	2.374700127e-15	-0.00019549500000000386	0.0	9.99999993922529e-8
20.0615489	1.125952058e-15	-0.0001599550000000033	0.0	9.99999993922529e-8
20.1581524	2.030203427e-15	-0.0001549650000000069	0.0	9.99999993922529e-8
20.2535911	9.43143622e-16	-0.00016586899999999904	0.0	9.99999993922529e-8
20.347882	1.264170342e-15	-0.00017345100000000502	0.0	9.99999993922529e-8
20.4425784	3.0150978775e-16	-0.00016852200000000428	0.0	9.99999993922529e-8
20.5398893	1.2367280960000001e-15	-0.000156060999999999	0.0	9.99999993922529e-8
20.6384977	8.34521562e-16	-0.00014914000000000593	0.0	9.99999993922529e-8
20.7355038	6.61420016e-16	-0.00015445899999999568	0.0	9.99999993922529e-8
20.8313046	1.730496197e-15	-0.0001773780000000058	0.0	9.99999993922529e-8
20.9285429	1.031051122e-15	-0.00018552300000000688	0.0	9.99999993922529e-8
21.0258392	1.2699609070000001e-15	-0.00018982700000000352	0.0	9.99999993922529e-8
21.122245	1.807840117e-15	-0.0001883649999999959	0.0	9.99999993922529e-8
21.2177857	8.19202439e-16	-0.00020112899999999434	0.0	9.99999993922529e-8
21.3134877	1.754196957e-15	-0.00016238000000000363	0.0	9.99999993922529e-8
21.4076615	1.328705777e-15	-0.00017440900000000037	0.0	9.99999993922529e-8
21.5032391	2.210214487e-15	-0.00019547599999999998	0.0	9.99999993922529e-8
21.5985477	1.666069167e-15	-0.00015696699999999397	0.0	9.99999993922529e-8
21.6932038	-8.850019200000001e-17	-0.00018456099999999975	0.0	9.99999993922529e-8
21.7860514	2.496190107e-15	-0.00019355100000000014	0.0	9.99999993922529e-8
21.8770906	1.588414047e-15	-0.00021661700000000228	0.0	9.99999993922529e-8
21.9732634	6.66930844e-16	-0.00020364200000000388	0.0	9.99999993922529e-8
22.0673734	1.611408467e-15	-0.00021337100000000386	0.0	9.99999993922529e-8
22.1611171	9.81048049e-16	-0.0002682479999999987	0.0	9.99999993922529e-8
22.2566813	1.189284621e-15	-0.00022014700000000387	0.0	9.99999993922529e-8
22.350972	1.296815705e-15	-0.00019506299999999532	0.0	9.99999993922529e-8
22.4462485	2.427649191e-16	-0.00020968500000000112	0.0	9.99999993922529e-8
22.5448784	1.410668857e-15	-0.0002053030000000039	0.0	9.99999993922529e-8
22.641122	1.437691497e-15	-0.00022017600000000248	0.0	9.99999993922529e-8
22.7357922	-2.7237686999999987e-17	-0.00020189399999999413	0.0	9.99999993922529e-8
22.8322684	1.6903503770000001e-15	-0.00020817200000000646	0.0	9.99999993922529e-8
22.9296334	4.49658752e-16	-0.00019175700000000073	0.0	9.99999993922529e-8
23.0268418	-7.591200599999999e-17	-0.00022173999999999805	0.0	9.99999993922529e-8
23.1231402	-2.0298275199999998e-16	-0.00024017899999999315	0.0	9.99999993922529e-8
23.2209711	1.459287227e-15	-0.0002734139999999996	0.0	9.99999993922529e-8
23.3165525	1.005329261e-15	-0.00025615399999999455	0.0	9.99999993922529e-8
23.4095209	-7.065294199999998e-17	-0.00023021800000000425	0.0	9.99999993922529e-8
23.5052837	-1.7950403000000012e-17	-0.0002446360000000064	0.0	9.99999993922529e-8
23.599573	1.463874917e-15	-0.00026086000000000165	0.0	9.99999993922529e-8
23.6961512	4.101825600000001e-17	-0.00027968500000000174	0.0	9.99999993922529e-8
23.7930354	1.089698082e-15	-0.0002691050000000056	0.0	9.99999993922529e-8
23.8904153	1.071347304e-15	-0.000275837000000001	0.0	9.99999993922529e-8
23.987206	9.53857567e-16	-0.0002914009999999967	0.0	9.99999993922529e-8
24.0821381	1.1254189e-17	-0.00029087699999999495	0.0	9.99999993922529e-8
24.1757969	7.92756758e-16	-0.0003024489999999963	0.0	9.99999993922529e-8
24.269664	1.433215697e-15	-0.0003014900000000015	0.0	9.99999993922529e-8
24.3662911	1.8871964e-16	-0.0003142849999999975	0.0	9.99999993922529e-8
24.4605867	4.59505511e-16	-0.0003224909999999942	0.0	9.99999993922529e-8
24.5535348	2.02370829e-16	-0.00035937799999999354	0.0	9.99999993922529e-8
24.648821	1.182347132e-15	-0.0003447649999999969	0.0	9.99999993922529e-8
24.7423277	3.1784645598e-16	-0.0003620810000000002	0.0	9.99999993922529e-8
24.8347229	1.974451747e-15	-0.00039366300000000243	0.0	9.99999993922529e-8
24.9281935	5.38950952e-16	-0.00038705099999999937	0.0	9.99999993922529e-8
25.0243749	1.180780602e-15	-0.00037512100000000603	0.0	9.99999993922529e-8
25.1211082	-3.32934793e-16	-0.00042214899999999667	0.0	9.99999993922529e-8
25.2159821	2.2654014589999997e-16	-0.0004632890000000056	0.0	9.99999993922529e-8
25.3108717	6.011645650000001e-16	-0.0004771290000000067	0.0	9.99999993922529e-8
25.4073971	1.380848837e-15	-0.00048328599999999944	0.0	9.99999993922529e-8
25.5022977	1.809854227e-15	-0.0004935209999999968	0.0	9.99999993922529e-8
25.5971925	1.419788297e-15	-0.0005379979999999979	0.0	9.99999993922529e-8
25.6935969	9.71844686e-16	-0.0005863839999999954	0.0	9.99999993922529e-8
25.7885856	1.622989597e-15	-0.0006211079999999952	0.0	9.99999993922529e-8
25.884136	1.3056554090000001e-15	-0.0006880969999999986	0.0	9.99999993922529e-8
25.9808135	1.102901691e-15	-0.000739066999999996	0.0	9.99999993922529e-8
26.0767176	2.306444177e-15	-0.000829448999999996	0.0	9.99999993922529e-8
26.1723482	6.854442299999998e-17	-0.0008683280000000015	0.0	9.99999993922529e-8
26.2703509	9.51172087e-16	-0.0009322689999999995	0.0	9.99999993922529e-8
26.3676322	8.644762100000001e-17	-0.001025082999999996	0.0	9.99999993922529e-8
26.462018	1.234042616e-15	-0.0011646460000000053	0.0	9.99999993922529e-8
26.5564584	1.190179781e-15	-0.0012127930000000037	0.0	9.99999993922529e-8
26.6512446	-8.438473029999999e-16	-0.0012293280000000018	0.0	9.99999993922529e-8
26.7465517	1.174066903e-15	-0.0014571629999999974	0.0	9.99999993922529e-8
26.8423567	-5.20470793e-16	-0.0015099759999999962	0.0	9.99999993922529e-8
26.938604	-8.04236483e-16	-0.0016105460000000044	0.0	9.99999993922529e-8
27.0342876	1.215503016e-15	-0.0018384649999999975	0.0	9.99999993922529e-8
27.1290017	2.2984104799999997e-16	-0.0019480350000000007	0.0	9.99999993922529e-8
27.225959	-1.1918407229999999e-15	-0.002043167999999998	0.0	9.99999993922529e-8
27.3227116	9.63704326e-16	-0.002257206999999997	0.0	9.99999993922529e-8
27.4186093	-1.9642290800000002e-16	-0.0025579349999999973	0.0	9.99999993922529e-8
27.5118246	-3.0003766699999996e-16	-0.0026867309999999978	0.0	9.99999993922529e-8
27.6050202	1.255526454e-15	-0.0030418239999999985	0.0	9.99999993922529e-8
27.7014558	4.38133568e-16	-0.003162541000000005	0.0	9.99999993922529e-8
27.7983303	1.874375667e-15	-0.0033085010000000054	0.0	9.99999993922529e-8
27.8955796	1.153030645e-15	-0.0035116590000000003	0.0	9.99999993922529e-8
27.9909431	1.260897413e-15	-0.004291986999999997	0.0	9.99999993922529e-8
28.0870627	-9.376153029999999e-16	-0.004121753000000006	0.0	9.99999993922529e-8
28.1811697	1.991347897e-15	-0.004624100000000006	0.0	9.99999993922529e-8
28.2756537	1.5294453870000001e-15	-0.004735455999999999	0.0	9.99999993922529e-8
28.3664876	1.639550057e-15	-0.0051439459999999965	0.0	9.99999993922529e-8
28.4596702	-5.25841752e-16	-0.005433890999999996	0.0	9.99999993922529e-8
28.5555685	8.45543219e-16	-0.005943633000000004	0.0	9.99999993922529e-8
28.6506192	4.87479258e-16	-0.006457912999999996	0.0	1.999999987845058e-7
28.7459957	1.207187819e-15	-0.006751798000000003	0.0	1.999999987845058e-7
28.8426113	2.516806757e-15	-0.006893206999999998	0.0	1.999999987845058e-7
28.9403636	3.299311147e-16	-0.007301424000000001	0.0	1.999999987845058e-7
29.0371987	-1.1094860129999999e-15	-0.0076018270000000054	0.0	1.999999987845058e-7
29.1327628	-9.23292753e-16	-0.008109163000000003	0.0	1.999999987845058e-7
29.2270517	-1.6752270630000001e-15	-0.008039494999999994	0.0	2.9999999995311555e-7
29.3222026	5.5551141e-16	-0.008356102000000004	0.0	2.9999999995311555e-7
29.4182353	-4.1842256399999997e-16	-0.008015590000000003	0.0	2.9999999995311555e-7
29.5136605	-2.3657047000000003e-17	-0.008955734000000007	0.0	2.9999999995311555e-7
29.6090498	1.39262055e-16	-0.008953775999999997	0.0	2.9999999995311555e-7
29.7049021	2.1535064710000001e-16	-0.009230178000000006	0.0	2.9999999995311555e-7
29.8015474	-1.5524555300000003e-16	-0.009784180000000003	0.0	2.9999999995311555e-7
29.8974881	-5.338981909999999e-16	-0.009835124	0.0	3.9999999934536845e-7
29.994935	7.13507133e-16	-0.010936224999999994	0.0	3.9999999934536845e-7
30.0918495	-1.331485663e-15	-0.010810082999999998	0.0	3.9999999934536845e-7
30.1884047	-7.979703629999999e-16	-0.010784408999999995	0.0	3.9999999934536845e-7
30.284517	-2.182782733e-15	-0.011252017000000003	0.0	3.9999999934536845e-7
30.3806326	1.024575199e-15	-0.010949886000000006	0.0	4.999999987376214e-7
30.4757245	-1.089792493e-15	-0.012470863999999998	0.0	4.999999987376214e-7
30.5719808	2.691362937e-15	-0.011212911000000006	0.0	4.999999987376214e-7
30.6683363	1.32995936e-16	-0.012718447999999993	0.0	4.999999987376214e-7
30.7627933	7.631885079999999e-16	-0.012291855000000004	0.0	4.999999987376214e-7
30.8587319	1.720114447e-15	-0.012919986999999994	0.0	5.999999999062311e-7
30.954362	-4.542289600000001e-16	-0.012992238000000003	0.0	5.999999999062311e-7
31.0498664	4.08705186e-16	-0.012689954000000003	0.0	5.999999999062311e-7
31.1468851	4.18999525e-16	-0.013504385999999993	0.0	6.99999999298484e-7
31.2418877	3.2738027000000016e-17	-0.014157644999999996	0.0	6.99999999298484e-7
31.3363466	8.715028560000001e-16	-0.013977321000000001	0.0	6.99999999298484e-7
31.4320388	2.075492927e-15	-0.013961082	0.0	7.999999986907369e-7
31.5272946	3.191891958e-16	-0.013919838000000004	0.0	7.999999986907369e-7
31.6213015	1.003091361e-15	-0.013564010000000001	0.0	8.999999998593466e-7
31.7164385	1.439929397e-15	-0.014886835000000001	0.0	8.999999998593466e-7
31.8115141	-1.39132674e-16	-0.015207809000000003	0.0	9.999999992515995e-7
31.9052995	-9.55518503e-16	-0.014232188000000007	0.0	9.999999992515995e-7
31.9974638	-1.4747112529999998e-15	-0.014718190000000006	0.0	9.999999992515995e-7
32.0928843	6.41446761e-16	-0.015226943000000007	0.0	9.999999992515995e-7
32.1892532	4.23027745e-16	-0.014739644999999996	0.0	1.0999999986438525e-6
32.2845605	2.395960167e-15	-0.014717554999999993	0.0	1.0999999986438525e-6
32.3804833	1.489163187e-15	-0.015830155	0.0	1.0999999986438525e-6
32.4753895	-5.759707070000001e-16	-0.015701936	0.0	1.1999999998124622e-6
32.5711752	6.199629229999999e-16	-0.015380605000000006	0.0	1.1999999998124622e-6
32.6664061	-3.6650329e-16	-0.016290177000000003	0.0	1.1999999998124622e-6
32.7605959	2.313605457e-15	-0.015685838999999993	0.0	1.299999999204715e-6
32.8559203	4.69576059e-16	-0.015419028000000001	0.0	1.299999999204715e-6
32.9524539	2.0029849769999998e-15	-0.017026293999999997	0.0	1.299999999204715e-6
33.047624	3.370923939e-16	-0.016343022	0.0	1.399999998596968e-6
33.1401851	1.583154977e-15	-0.016959667999999997	0.0	1.399999998596968e-6
33.235316	-1.0880021729999999e-15	-0.016609569000000005	0.0	1.4999999997655777e-6
33.330941	1.3951713970000001e-15	-0.016220452999999996	0.0	1.4999999997655777e-6
33.4278415	1.311026367e-15	-0.017840397999999993	0.0	1.4999999997655777e-6
33.5244108	1.715638647e-15	-0.017045737000000005	0.0	1.5999999991578306e-6
33.618746	1.244784535e-15	-0.016910304	0.0	1.5999999991578306e-6
33.7149935	1.346832767e-15	-0.017480693000000005	0.0	1.5999999991578306e-6
33.8124835	6.02059725e-16	-0.016912885000000003	0.0	1.5999999991578306e-6
33.9084434	3.932054567e-15	-0.01732061	0.0	1.6999999985500835e-6
34.0057844	1.525864747e-15	-0.017666174000000007	0.0	1.6999999985500835e-6
34.1018781	1.234042616e-15	-0.018274238999999998	0.0	1.6999999985500835e-6
34.1971688	2.388798887e-15	-0.017293767	0.0	1.7999999997186933e-6
34.2940328	4.91059897e-16	-0.018043268	0.0	1.7999999997186933e-6
34.3900129	2.646604947e-15	-0.018416812000000005	0.0	1.7999999997186933e-6
34.4852531	1.228671657e-15	-0.018557184000000004	0.0	1.7999999997186933e-6
34.5811897	8.88510894e-16	-0.017876244	0.0	1.8999999991109462e-6
34.6757018	2.445193967e-15	-0.018591446999999997	0.0	1.8999999991109462e-6
34.769382	1.977025337e-15	-0.017475123999999995	0.0	1.999999998503199e-6
34.8652004	9.02833452e-16	-0.018310145	0.0	1.999999998503199e-6
34.9616975	-5.007772749999999e-16	-0.018240648999999998	0.0	2.099999999671809e-6
35.0569679	2.073702607e-15	-0.018764890000000006	0.0	2.099999999671809e-6
35.1513946	3.764794296e-16	-0.018814213999999996	0.0	2.1999999990640617e-6
35.2455855	-2.9310017800000005e-16	-0.018411872999999995	0.0	2.1999999990640617e-6
35.3407643	4.218505727e-15	-0.018700673	0.0	2.2999999984563146e-6
35.4355479	1.506171227e-15	-0.018646112000000006	0.0	2.2999999984563146e-6
35.5309335	-6.941318129999999e-16	-0.017909119	0.0	2.3999999996249244e-6
35.627774	4.23027745e-16	-0.018996806000000005	0.0	2.3999999996249244e-6
35.7235576	9.60123686e-16	-0.018558030000000003	0.0	2.4999999990171773e-6
35.8190137	7.88252985e-16	-0.018687634999999994	0.0	2.4999999990171773e-6
35.9147581	5.47343076e-16	-0.019512158	0.0	2.59999999840943e-6
36.0100834	6.80833797e-16	-0.019657963	0.0	2.59999999840943e-6
36.1052207	1.47318495e-16	-0.019114903000000003	0.0	2.59999999840943e-6
36.200152	8.813496150000001e-16	-0.018884788	-9.999999974752427e-7	2.69999999957804e-6
36.2942746	1.5294453870000001e-15	-0.019949543	-9.999999974752427e-7	2.69999999957804e-6
36.3901412	2.5115704320000003e-16	-0.019720619999999994	-9.999999974752427e-7	2.799999998970293e-6
36.4859979	4.91059897e-16	-0.020101545	-9.999999974752427e-7	2.799999998970293e-6
36.5818583	-8.184244099999999e-17	-0.020205346	-9.999999974752427e-7	2.8999999983625457e-6
36.6776931	-6.931020199999999e-17	-0.018948723	-9.999999974752427e-7	2.8999999983625457e-6
36.7728423	9.98615562e-16	-0.020369423999999997	-9.999999974752427e-7	2.9999999995311555e-6
36.8687434	5.42979172e-16	-0.020142903000000004	-9.999999974752427e-7	2.9999999995311555e-6
36.9646991	3.08447277e-16	-0.019532072999999997	-9.999999974752427e-7	3.0999999989234084e-6
37.0595948	-2.8132845999999976e-17	-0.019111168999999997	-9.999999974752427e-7	3.0999999989234084e-6
37.1540861	-4.649708790000001e-16	-0.020130962000000002	-9.999999974752427e-7	3.0999999989234084e-6
37.2503133	2.02818408e-16	-0.020293894000000007	-9.999999974752427e-7	3.200000000092018e-6
37.3447114	-1.3735581829999999e-15	-0.019329307000000004	-9.999999974752427e-7	3.200000000092018e-6
37.4404283	2.048638127e-15	-0.020164169999999995	-9.999999974752427e-7	3.200000000092018e-6
37.535659	7.524465889999999e-16	-0.021031134000000007	-9.999999974752427e-7	3.299999999484271e-6
37.6302017	1.934057657e-15	-0.020665962999999996	-9.999999974752427e-7	3.299999999484271e-6
37.7252414	9.38639848e-16	-0.019857614999999995	-9.999999974752427e-7	3.399999998876524e-6
37.8190351	2.009251097e-15	-0.020401423000000002	-9.999999974752427e-7	3.399999998876524e-6
37.9140341	-2.756580233e-15	-0.020838173	-9.999999974752427e-7	3.399999998876524e-6
38.0096005	2.186492757e-15	-0.019845513999999995	-9.999999974752427e-7	3.399999998876524e-6
38.1061202	1.3611553270000001e-15	-0.021133713999999998	-9.999999974752427e-7	3.5000000000451337e-6
38.203078	6.59349959e-16	-0.021280551999999994	-9.999999974752427e-7	3.5000000000451337e-6
38.29891	-9.376153029999999e-16	-0.020643761999999996	-9.999999974752427e-7	3.5999999994373866e-6
38.3938146	4.53463181e-16	-0.021883402999999996	-9.999999974752427e-7	3.5999999994373866e-6
38.4905431	-1.489033803e-15	-0.021419928000000005	-9.999999974752427e-7	3.6999999988296395e-6
38.5860533	-9.590991429999999e-16	-0.020706244	-9.999999974752427e-7	3.7999999999982492e-6
38.6814883	1.495429307e-15	-0.020361045999999994	-9.999999974752427e-7	3.7999999999982492e-6
38.7778409	-2.6803570000000005e-16	-0.021286213999999998	-9.999999974752427e-7	3.7999999999982492e-6
38.8731352	2.2222991470000002e-15	-0.020832956	-9.999999974752427e-7	3.899999999390502e-6
38.9679816	-3.204160183e-15	-0.020971045999999993	-9.999999974752427e-7	3.999999998782755e-6
39.0631593	-7.110052200000001e-17	-0.020805950000000004	-9.999999974752427e-7	3.999999998782755e-6
39.158197	2.08189368e-16	-0.020755258	-9.999999974752427e-7	3.999999998782755e-6
39.2543127	1.024575199e-15	-0.021586789999999995	-9.999999974752427e-7	4.099999999951365e-6
39.349676	2.203500787e-15	-0.021006669000000006	-9.999999974752427e-7	4.099999999951365e-6
39.4454781	-4.542289600000001e-16	-0.021445001000000005	-9.999999974752427e-7	4.199999999343618e-6
39.5419021	5.91317806e-16	-0.021456521000000006	-9.999999974752427e-7	4.199999999343618e-6
39.6370206	1.889299667e-15	-0.021317293	-9.999999974752427e-7	4.199999999343618e-6
39.7330487	2.726408809e-16	-0.021618293999999996	-9.999999974752427e-7	4.299999998735871e-6
39.8293891	2.621540467e-15	-0.021974868999999994	-9.999999974752427e-7	4.299999998735871e-6
39.9252653	-3.43229132e-16	-0.020990945999999996	-9.999999974752427e-7	4.39999999990448e-6
40.0204596	-5.06148234e-16	-0.022317216	-9.999999974752427e-7	4.39999999990448e-6
40.1140121	3.452248857e-15	-0.021240034000000005	-9.999999974752427e-7	4.499999999296733e-6
40.2104093	-1.128284363e-15	-0.021345490999999994	-9.999999974752427e-7	4.499999999296733e-6
40.3070165	2.911572277e-15	-0.021908958000000006	-9.999999974752427e-7	4.599999998688986e-6
40.4022362	1.2537361340000001e-15	-0.022041035	-9.999999974752427e-7	4.599999998688986e-6
40.4973762	-1.342227583e-15	-0.021913956999999998	-9.999999974752427e-7	4.699999999857596e-6
40.5926728	1.182123342e-15	-0.022128356000000002	-9.999999974752427e-7	4.699999999857596e-6
40.6882764	-8.803250729999999e-16	-0.021319482	-9.999999974752427e-7	4.799999999249849e-6
40.7844503	-8.51679953e-16	-0.021668233999999995	-9.999999974752427e-7	4.899999998642102e-6
40.8790721	-2.067307103e-15	-0.021267878000000004	-9.999999974752427e-7	4.899999998642102e-6
40.9726666	3.391377977e-15	-0.022327953999999997	-9.999999974752427e-7	4.899999998642102e-6
41.0675512	9.95930082e-16	-0.022296216999999993	-9.999999974752427e-7	4.899999998642102e-6
41.1616733	1.2788006120000001e-15	-0.022274251999999994	-9.999999974752427e-7	4.999999999810711e-6
41.2570591	2.739701577e-15	-0.022239514000000002	-9.999999974752427e-7	4.999999999810711e-6
41.3515461	7.050031139999999e-16	-0.022502693000000004	-9.999999974752427e-7	5.099999999202964e-6
41.4454378	1.5729988999999993e-17	-0.022399761000000004	-9.999999974752427e-7	5.099999999202964e-6
41.5397858	-2.665273923e-15	-0.022749623999999996	-9.999999974752427e-7	5.099999999202964e-6
41.6349815	1.221510378e-15	-0.02178666	-9.999999974752427e-7	5.199999998595217e-6
41.729512	1.042478397e-15	-0.023343469000000006	-9.999999974752427e-7	5.199999998595217e-6
41.825673	1.889299667e-15	-0.023067685000000004	-9.999999974752427e-7	5.199999998595217e-6
41.9208207	1.977025337e-15	-0.022887802	-9.999999974752427e-7	5.299999999763827e-6
42.0154741	-1.4987459299999998e-16	-0.023200434000000006	-9.999999974752427e-7	5.299999999763827e-6
42.1097698	-5.759707070000001e-16	-0.022625549999999994	-9.999999974752427e-7	5.299999999763827e-6
42.2044609	4.48092222e-16	-0.022638184000000006	-9.999999974752427e-7	5.39999999915608e-6
42.2970437	-2.50132502e-16	-0.022484441999999993	-9.999999974752427e-7	5.39999999915608e-6
42.3908968	4.83898618e-16	-0.022272399	-9.999999974752427e-7	5.499999998548333e-6
42.4862291	-8.542308e-17	-0.023263433	-9.999999974752427e-7	5.499999998548333e-6
42.581497	9.52962407e-16	-0.022351589000000005	-9.999999974752427e-7	5.5999999997169425e-6
42.6750763	-8.982282729999999e-16	-0.022406962000000002	-9.999999974752427e-7	5.5999999997169425e-6
42.769052	-4.283946813e-15	-0.022987365999999995	-9.999999974752427e-7	5.699999999109195e-6
42.8651876	6.37866121e-16	-0.022483868000000004	-9.999999974752427e-7	5.699999999109195e-6
42.9618022	-9.25978233e-16	-0.022670035000000005	-9.999999974752427e-7	5.799999998501448e-6
43.0574841	-4.22003204e-16	-0.023849428000000006	-9.999999974752427e-7	5.799999998501448e-6
43.1529049	3.666326707e-16	-0.022205068999999994	-9.999999974752427e-7	5.899999999670058e-6
43.2494051	-3.43229132e-16	-0.023403060000000003	-9.999999974752427e-7	5.899999999670058e-6
43.3451836	1.56270094e-16	-0.022297217999999994	-9.999999974752427e-7	5.899999999670058e-6
43.44004	-2.061096933e-15	-0.022560079999999996	-9.999999974752427e-7	5.899999999670058e-6
43.5356153	-2.237387483e-15	-0.022610478000000003	-9.999999974752427e-7	5.999999999062311e-6
43.632186	3.226668557e-15	-0.022579251999999994	-9.999999974752427e-7	5.999999999062311e-6
43.7281985	2.095321078e-16	-0.022931718000000004	-9.999999974752427e-7	5.999999999062311e-6
43.8233836	-2.058355503e-15	-0.023258689	-9.999999974752427e-7	6.099999998454564e-6
43.9184221	2.216928187e-15	-0.022849809	-9.999999974752427e-7	6.099999998454564e-6
44.0144692	2.392379527e-15	-0.022353685999999998	-9.999999974752427e-7	6.199999999623174e-6
44.1103123	-2.022549113e-15	-0.023391491	-9.999999974752427e-7	6.2999999990154265e-6
44.2072197	-1.1488730429999999e-15	-0.022829509999999997	-9.999999974752427e-7	6.399999998407679e-6
44.3019961	2.556193797e-15	-0.023206071999999994	-9.999999974752427e-7	6.399999998407679e-6
44.397269	-1.0332627799999998e-16	-0.022569992999999997	-1.9999999949504854e-6	6.499999999576289e-6
44.4929527	1.8670553e-16	-0.022827263	-1.9999999949504854e-6	6.499999999576289e-6
44.5880701	-9.376153029999999e-16	-0.022206052000000004	-1.9999999949504854e-6	6.599999998968542e-6
44.6832466	8.53487763e-16	-0.023210543	-1.9999999949504854e-6	6.599999998968542e-6
44.7795235	1.661929047e-15	-0.022439057999999998	-1.9999999949504854e-6	6.699999998360795e-6
44.8747469	-7.335188529999999e-16	-0.022861675999999997	-1.9999999949504854e-6	6.799999999529405e-6
44.9706194	5.20600174e-16	-0.022659657	-1.9999999949504854e-6	6.799999999529405e-6
45.0670928	1.332510207e-15	-0.023493024	-1.9999999949504854e-6	6.899999998921658e-6
45.1614326	1.8760069e-16	-0.023341463000000007	-1.9999999949504854e-6	6.899999998921658e-6
45.2567828	8.09736823e-16	-0.022410562999999994	-1.9999999949504854e-6	7.000000000090267e-6
45.3525567	-1.849783253e-15	-0.023084813999999995	-1.9999999949504854e-6	7.000000000090267e-6
45.4484899	4.3479946e-17	-0.023336021	-1.9999999949504854e-6	7.09999999948252e-6
45.5445806	2.1996107999999983e-17	-0.023030974999999995	-1.9999999949504854e-6	7.09999999948252e-6
45.6411438	-1.3555203499999998e-16	-0.023049557999999998	-1.9999999949504854e-6	7.199999998874773e-6
45.7380423	-1.195421363e-15	-0.023416648999999998	-1.9999999949504854e-6	7.199999998874773e-6
45.8340155	-7.40680133e-16	-0.023846272	-1.9999999949504854e-6	7.199999998874773e-6
45.9302771	2.113089637e-15	-0.023176606000000002	-1.9999999949504854e-6	7.300000000043383e-6
46.026833	4.73156699e-16	-0.022539069999999994	-1.9999999949504854e-6	7.300000000043383e-6
46.1233645	-1.4987459299999998e-16	-0.023202894	-1.9999999949504854e-6	7.399999999435636e-6
46.220567	7.928634200000001e-17	-0.023588859000000004	-1.9999999949504854e-6	7.399999999435636e-6
46.3164064	-1.2437599929999999e-15	-0.023549459999999994	-1.9999999949504854e-6	7.499999998827889e-6
46.4112564	5.44769491e-16	-0.023542759999999996	-1.9999999949504854e-6	7.499999998827889e-6
46.5070431	6.463701400000001e-16	-0.023405244000000006	-1.9999999949504854e-6	7.5999999999964984e-6
46.6034594	-7.514220429999999e-16	-0.023392925999999994	-1.9999999949504854e-6	7.5999999999964984e-6
46.6990212	2.041476847e-15	-0.022565403999999997	-1.9999999949504854e-6	7.699999999388751e-6
46.7949968	1.379953677e-15	-0.022600523999999997	-1.9999999949504854e-6	7.699999999388751e-6
46.8905773	1.121252469e-15	-0.023443915999999995	-1.9999999949504854e-6	7.799999998781004e-6
46.9869559	2.761185407e-15	-0.023767030999999994	-1.9999999949504854e-6	7.799999998781004e-6
47.0829267	1.880348067e-15	-0.023829083	-1.9999999949504854e-6	7.899999999949614e-6
47.1782193	2.561564757e-15	-0.022700458000000007	-1.9999999949504854e-6	7.899999999949614e-6
47.2743409	2.503379357e-15	-0.022052898	-1.9999999949504854e-6	7.999999999341867e-6
47.3705709	7.67664307e-16	-0.022815967000000006	-1.9999999949504854e-6	7.999999999341867e-6
47.465323	8.45543219e-16	-0.023435714999999996	-1.9999999949504854e-6	7.999999999341867e-6
47.5616422	-2.488032263e-15	-0.023240642000000006	-1.9999999949504854e-6	7.999999999341867e-6
47.6569759	-7.084543729999999e-16	-0.023205864000000007	-1.9999999949504854e-6	8.09999999873412e-6
47.7514535	5.450245757e-15	-0.023961488000000003	-1.9999999949504854e-6	8.09999999873412e-6
47.8459942	2.341490051e-16	-0.023167088000000002	-1.9999999949504854e-6	8.09999999873412e-6
47.9417856	9.81607524e-16	-0.023782093000000004	-1.9999999949504854e-6	8.19999999990273e-6
48.0371146	-1.711033463e-15	-0.023456266000000003	-1.9999999949504854e-6	8.299999999294982e-6
48.1320156	5.416229677e-15	-0.022940697999999995	-1.9999999949504854e-6	8.299999999294982e-6
48.2276226	-2.890854213e-15	-0.022983171999999996	-1.9999999949504854e-6	8.399999998687235e-6
48.3225971	-1.275985753e-15	-0.023441469000000006	-1.9999999949504854e-6	8.399999998687235e-6
48.4181117	2.1793314770000002e-15	-0.023280802000000003	-1.9999999949504854e-6	8.499999999855845e-6
48.5144557	-1.539162763e-15	-0.02316306	-1.9999999949504854e-6	8.499999999855845e-6
48.6104326	2.078178407e-15	-0.023354885000000006	-1.9999999949504854e-6	8.499999999855845e-6
48.7056607	2.5115704320000003e-16	-0.022930692000000003	-1.9999999949504854e-6	8.599999999248098e-6
48.7997946	1.089026712e-15	-0.022569708999999993	-1.9999999949504854e-6	8.599999999248098e-6
48.8964463	8.562851370000001e-16	-0.023375119	-1.9999999949504854e-6	8.599999999248098e-6
48.9944565	-1.002961983e-15	-0.022500509000000002	-1.9999999949504854e-6	8.599999999248098e-6
49.0923901	2.596475987e-15	-0.023158929999999994	-1.9999999949504854e-6	8.699999998640351e-6
49.1875189	5.81135362e-16	-0.023946547	-1.9999999949504854e-6	8.699999998640351e-6
49.2831732	2.124726717e-15	-0.023503702	-1.9999999949504854e-6	8.79999999980896e-6
49.3798687	2.853969095e-16	-0.023919205	-1.9999999949504854e-6	8.899999999201214e-6
49.4758405	-4.702993543e-15	-0.024010212000000003	-1.9999999949504854e-6	8.899999999201214e-6
49.5717804	1.966283417e-15	-0.023431107000000007	-1.9999999949504854e-6	8.999999998593466e-6
49.6687337	-7.83647803e-16	-0.023889647	-1.9999999949504854e-6	8.999999998593466e-6
49.7650702	6.736725169999999e-16	-0.023749189000000004	-1.9999999949504854e-6	8.999999998593466e-6
49.8623753	1.925553637e-15	-0.022659049	-1.9999999949504854e-6	8.999999998593466e-6
49.9581066	8.38381939e-16	-0.024150293000000003	-1.9999999949504854e-6	9.099999999762076e-6
50.0	7.598629527e-15	-0.024337195000000006	-1.9999999949504854e-6	9.099999999762076e-6
