0.0	0.0	0.0	0.0	0.0
0.122574451	-8.326745994319879e-9	2.6589999999881986e-6	0.0	0.0
0.245069752	1.031955655680121e-9	1.8970000000007037e-6	0.0	0.0
0.367505714	-1.818334395431988e-8	1.5130000000085353e-6	0.0	0.0
0.489870034	5.7684876756801214e-9	6.743000000003496e-6	0.0	0.0
0.612177725	-1.9461456354319882e-8	4.563000000012973e-6	0.0	0.0
0.734380895	-1.920049934319879e-9	8.28299999999782e-6	0.0	0.0
0.856501068	-1.279665255431988e-8	1.2676999999988725e-5	0.0	0.0
0.978497353	-1.2982051654319879e-8	1.1409999999989484e-5	0.0	0.0
1.10039607	-7.681109554319878e-9	2.2322999999990767e-5	0.0	0.0
1.22217998	-1.3114494454319878e-8	2.007200000000986e-5	0.0	0.0
1.34386767	-1.0784922943198791e-9	2.742499999999759e-5	0.0	0.0
1.46542455	-7.122786444319879e-9	3.174999999999706e-5	0.0	0.0
1.58685357	-2.96696094319879e-10	3.0113999999997754e-5	0.0	0.0
1.70815894	-3.733103924319879e-9	3.6960000000002546e-5	0.0	0.0
1.82935183	1.611279455680121e-9	3.4219000000002e-5	0.0	0.0
1.95045247	2.36936743680121e-10	4.138000000000752e-5	0.0	0.0
2.07147154	1.2300412545680121e-8	4.0031999999995405e-5	0.0	0.0
2.1924407	1.468146525680121e-9	4.773799999999162e-5	0.0	0.0
2.31337012	1.1619602645680121e-8	4.403299999999888e-5	0.0	0.0
2.43429525	-5.15584528319879e-10	5.316399999999444e-5	0.0	0.0
2.55523198	3.412276035680121e-9	4.7504000000003765e-5	0.0	0.0
2.67620096	4.61572127680121e-10	5.5159999999998544e-5	0.0	0.0
2.79721404	9.933169966801209e-10	5.345400000000833e-5	0.0	0.0
2.91829734	8.48483262680121e-10	5.898300000001244e-5	0.0	0.0
3.03934541	1.83739138680121e-10	6.120800000000703e-5	0.0	0.0
3.16025428	-1.100733824319879e-9	6.188400000001204e-5	0.0	0.0
3.28099087	2.325516155680121e-9	6.399800000000955e-5	0.0	0.0
3.40153952	1.0314331056801208e-9	6.409600000001348e-5	0.0	0.0
3.52180446	1.4168910556801208e-9	5.966700000001324e-5	0.0	0.0
3.64122773	2.813507665680121e-9	6.240099999998971e-5	0.0	0.0
3.75878331	9.57331805568012e-9	5.5421999999999416e-5	0.0	0.0
3.87489855	4.835111085680121e-9	6.403099999999218e-5	0.0	0.0
3.99089026	1.3607314545680121e-8	5.972300000001152e-5	0.0	0.0
4.10779102	-3.778052254319879e-9	6.58319999999879e-5	0.0	0.0
4.22534138	-8.19382630319879e-10	6.250899999998838e-5	0.0	0.0
4.34331198	-1.939886575431988e-8	6.31369999999909e-5	0.0	0.0
4.46100985	-1.186087395431988e-8	5.978600000000611e-5	0.0	0.0
4.57850174	-9.653757174319879e-9	6.449099999999985e-5	0.0	0.0
4.69571774	1.756868314568012e-8	6.153000000000408e-5	0.0	0.0
4.81241767	1.714735724568012e-8	6.36549999999958e-5	0.0	0.0
4.92854903	3.0323171245680124e-8	6.371099999999408e-5	0.0	0.0
5.04410132	1.0966678545680121e-8	5.905200000000388e-5	0.0	0.0
5.15933547	3.328393535680121e-9	5.9797999999999796e-5	0.0	0.0
5.27394326	-2.720407444319879e-9	5.7443999999989837e-5	0.0	0.0
5.38762477	-1.645746944319879e-9	5.943099999999868e-5	0.0	0.0
5.50055199	-1.610548525431988e-8	5.671500000001273e-5	0.0	0.0
5.6134083	-7.95679056431988e-9	5.4869000000012935e-5	0.0	0.0
5.72698721	-2.420604985431988e-8	4.770500000000899e-5	0.0	0.0
5.84145486	-2.095720555431988e-8	5.050600000000571e-5	0.0	0.0
5.95722164	-4.7400537354319874e-8	4.4716999999999674e-5	0.0	0.0
6.07457729	-2.783275085431988e-8	4.840600000000084e-5	0.0	0.0
6.19252211	-2.7786389054319882e-8	4.533200000000903e-5	0.0	0.0
6.31042243	7.289968585680121e-9	4.708400000000279e-5	0.0	0.0
6.42825888	9.156165465680122e-9	4.651299999999803e-5	0.0	0.0
6.54584165	1.4595165145680122e-8	4.4154999999990174e-5	0.0	0.0
6.66371778	4.166516894568012e-8	3.8839000000012724e-5	0.0	0.0
6.78083043	1.4716470064568012e-7	3.3895000000006004e-5	0.0	0.0
6.89628006	1.195819516456801e-7	2.8393999999987152e-5	0.0	0.0
7.01044614	8.391582994568012e-8	2.5909999999990108e-5	0.0	0.0
7.12246244	7.445374174568012e-8	3.2925999999988687e-5	0.0	0.0
7.23403957	1.0870662764568012e-7	3.433999999999382e-5	0.0	0.0
7.34609011	9.533935554568013e-8	4.188699999999046e-5	0.0	0.0
7.4588107	-2.568040015431988e-8	4.475900000000532e-5	0.0	0.0
7.57206226	-9.775089835431988e-8	4.7397000000004574e-5	0.0	0.0
7.68504332	-1.960249613543199e-7	4.3973000000002704e-5	0.0	0.0
7.79745824	-3.294987563543199e-7	3.978099999998874e-5	0.0	0.0
7.91080894	-2.0715147235431988e-7	3.858200000000922e-5	0.0	0.0
8.02502109	-4.4208625754319876e-8	4.768199999999334e-5	0.0	0.0
8.13933211	3.2080985945680125e-8	5.344199999998689e-5	0.0	0.0
8.2539678	8.017128014568012e-8	5.5440999999989415e-5	0.0	0.0
8.36861102	1.400407136456801e-7	5.832799999999638e-5	0.0	0.0
8.48196502	2.2454108864568011e-7	5.3984000000006915e-5	0.0	0.0
8.59383959	7.008687406456801e-7	3.940099999999447e-5	0.0	0.0
8.70601276	2.17013498964568e-6	-6.990000000067775e-7	9.999999974752427e-7	0.0
8.81980605	1.1417303996456802e-6	2.683300000000388e-5	9.999999974752427e-7	0.0
8.933746	1.2835753664568011e-7	5.284199999999739e-5	9.999999974752427e-7	0.0
9.04772878	6.093084144568012e-8	5.6594999999992623e-5	9.999999974752427e-7	0.0
9.16186775	6.264411184568012e-8	5.4317999999997646e-5	9.999999974752427e-7	0.0
9.2767005	5.544338834568012e-8	5.673000000000483e-5	9.999999974752427e-7	0.0
9.39187883	6.805622294568012e-8	5.620200000000519e-5	9.999999974752427e-7	0.0
9.5061333	5.7948097645680125e-8	5.710600000000121e-5	9.999999974752427e-7	0.0
9.62066698	2.216211784568012e-8	6.232200000000354e-5	9.999999974752427e-7	0.0
9.73630619	9.599377994568012e-8	5.840300000001242e-5	9.999999974752427e-7	0.0
9.8490429	2.5805519564568015e-7	3.564600000000029e-5	9.999999974752427e-7	0.0
9.95922841	-1.3555803803543198e-6	4.081699999999855e-5	9.999999974752427e-7	0.0
10.0700657	-3.2936886335431986e-7	5.1728000000000884e-5	9.999999974752427e-7	0.0
10.180477	3.4964975264568015e-7	4.730599999999696e-5	9.999999974752427e-7	0.0
10.2912986	1.0584011964568012e-7	3.1050000000004685e-5	9.999999974752427e-7	0.0
10.4037215	-1.8245345035431988e-7	4.730799999999591e-5	9.999999974752427e-7	0.0
10.519331	-1.0139262635431988e-7	4.027600000000575e-5	9.999999974752427e-7	0.0
10.6362208	-1.604503393543199e-7	3.338199999999847e-5	9.999999974752427e-7	0.0
10.7532131	-2.0517469635431988e-7	2.349900000001015e-5	9.999999974752427e-7	0.0
10.8700061	-1.353633233543199e-7	2.8506000000011467e-5	9.999999974752427e-7	0.0
10.9869528	-5.3302236654319875e-8	3.952400000001299e-5	9.999999974752427e-7	0.0
11.1037543	-3.4474304254319875e-8	4.8517999999997397e-5	9.999999974752427e-7	0.0
11.2199081	8.647984285680121e-9	4.98929999999953e-5	9.999999974752427e-7	0.0
11.3352904	-5.746848665431988e-8	5.662200000000617e-5	9.999999974752427e-7	0.0
11.4508803	-2.304843155431988e-8	5.071500000000673e-5	9.999999974752427e-7	0.0
11.5665738	7.388576444568012e-8	5.663999999999669e-5	9.999999974752427e-7	0.0
11.6824651	1.1154998864568013e-7	5.386800000001246e-5	9.999999974752427e-7	0.0
11.7972523	8.905325394568013e-8	5.54550000000098e-5	9.999999974752427e-7	0.0
11.9102435	1.1207297564568013e-7	5.685499999999455e-5	9.999999974752427e-7	0.0
12.0212007	8.092644354568012e-8	6.306799999999946e-5	9.999999974752427e-7	0.0
12.1307302	6.825366675680121e-9	5.547599999999875e-5	9.999999974752427e-7	0.0
12.2388708	-2.564188675431988e-8	6.664400000000459e-5	9.999999974752427e-7	0.0
12.3457453	8.347405194568012e-8	5.910000000000637e-5	9.999999974752427e-7	0.0
12.4522531	4.425914004568012e-8	4.8640999999988166e-5	9.999999974752427e-7	0.0
12.5590935	3.773384566456801e-7	2.7559000000010325e-5	9.999999974752427e-7	0.0
12.6646511	1.4733287296456802e-6	3.4904000000002267e-5	9.999999974752427e-7	0.0
12.7684916	7.543494096456801e-7	4.758899999998678e-5	9.999999974752427e-7	0.0
12.8722601	1.7310976996456801e-6	1.8993999999994404e-5	9.999999974752427e-7	0.0
12.97319	9.928426266456802e-7	-2.4159999999995296e-5	9.999999974752427e-7	0.0
13.075334	-1.1216053203543198e-6	1.464800000000599e-5	9.999999974752427e-7	0.0
13.1794995	-7.329854083543199e-7	3.5874999999990775e-5	9.999999974752427e-7	0.0
13.2840414	-2.103615873543199e-7	3.32969999999877e-5	9.999999974752427e-7	0.0
13.3863615	-2.8796520635431984e-7	2.604900000000021e-5	9.999999974752427e-7	0.0
13.4878433	-2.311348913543199e-7	3.965999999994141e-6	9.999999974752427e-7	0.0
13.5907488	1.1081937064568013e-7	-1.4861000000004898e-5	9.999999974752427e-7	0.0
13.693031	6.806856936456801e-7	-3.47150000000046e-5	9.999999974752427e-7	0.0
13.7945003	4.3239381464568013e-7	-5.021400000000675e-5	9.999999974752427e-7	0.0
13.8931507	-1.697123943543199e-7	-4.244100000000417e-5	9.999999974752427e-7	0.0
13.9929757	6.760684676456801e-7	-2.9510999999995957e-5	9.999999974752427e-7	0.0
14.0948121	-5.207462665431988e-8	-1.9510999999999834e-5	9.999999974752427e-7	0.0
14.1950671	-3.602064833543199e-7	-1.6724999999995216e-5	9.999999974752427e-7	0.0
14.2956527	1.639633056456801e-7	-1.0966000000001142e-5	9.999999974752427e-7	0.0
14.39431	1.9539660464568012e-7	-2.1197000000000576e-5	9.999999974752427e-7	0.0
14.4930924	-3.8669824935431985e-7	-1.8849000000001337e-5	9.999999974752427e-7	0.0
14.592643	-6.167029135431988e-8	-1.9456000000001028e-5	9.999999974752427e-7	0.0
14.6947909	-4.5597012435431986e-7	-9.257999999998101e-6	9.999999974752427e-7	0.0
14.7969081	-2.5101115935431986e-7	-9.032000000006035e-6	9.999999974752427e-7	0.0
14.89788	-4.8268624935432e-7	-1.578800000000269e-5	9.999999974752427e-7	0.0
14.9971878	1.0058951564568012e-7	-3.338599999999636e-5	9.999999974752427e-7	0.0
15.0954941	1.6643148664568012e-7	-3.921399999999575e-5	9.999999974752427e-7	0.0
15.1935796	-4.799455493543199e-7	-2.7649000000004587e-5	9.999999974752427e-7	0.0
15.2928533	7.235655984568012e-8	-4.128700000000096e-5	9.999999974752427e-7	0.0
15.391996	1.456034826456801e-7	-5.3629999999998956e-5	9.999999974752427e-7	0.0
15.4909328	-3.160287485431988e-8	-5.367100000000513e-5	9.999999974752427e-7	0.0
15.5879948	-6.617284623543199e-7	-5.417800000000195e-5	9.999999974752427e-7	0.0
15.6845489	7.499983524568013e-8	-5.308599999999386e-5	9.999999974752427e-7	0.0
15.7804773	-3.8687155635431987e-7	-5.06759999999995e-5	9.999999974752427e-7	0.0
15.8770462	-5.3249925835432e-7	-4.851699999999792e-5	9.999999974752427e-7	0.0
15.9744048	-5.814310413543199e-7	-6.774800000000636e-5	9.999999974752427e-7	0.0
16.0730319	-8.0092463935432e-7	-6.192400000000486e-5	9.999999974752427e-7	0.0
16.170772	1.339222476456801e-7	-5.637799999999582e-5	9.999999974752427e-7	0.0
16.2693081	-3.8538993035431986e-7	-5.692599999999881e-5	9.999999974752427e-7	0.0
16.3682354	1.0131201664568012e-7	-5.5982999999995564e-5	9.999999974752427e-7	0.0
16.4648735	-1.0059996235431987e-7	-5.601299999999365e-5	9.999999974752427e-7	0.0
16.5630537	4.885852896456801e-7	-5.895699999999837e-5	9.999999974752427e-7	0.0
16.6600988	-4.3523653735431987e-7	-7.05740000000038e-5	9.999999974752427e-7	0.0
16.7580799	1.346225686456801e-7	-5.4642999999993114e-5	9.999999974752427e-7	0.0
16.8552011	-4.853340523543199e-7	-6.643200000000515e-5	9.999999974752427e-7	0.0
16.9530005	2.504957706456801e-7	-8.308399999999716e-5	9.999999974752427e-7	0.0
17.0494331	-4.813408443543199e-7	-7.229899999999789e-5	9.999999974752427e-7	0.0
17.1479556	-1.4569957035431988e-7	-6.528100000000037e-5	9.999999974752427e-7	0.0
17.2457414	-7.369250495431987e-8	-7.758200000000659e-5	9.999999974752427e-7	0.0
17.3422947	-3.7298223054319875e-8	-9.053400000000322e-5	9.999999974752427e-7	0.0
17.4378049	4.5051992264568016e-7	-9.134299999999373e-5	9.999999974752427e-7	0.0
17.5329141	-3.9644059035431986e-7	-9.567700000000234e-5	9.999999974752427e-7	0.0
17.6305413	-7.403054495431987e-8	-9.723100000000318e-5	9.999999974752427e-7	0.0
17.7291368	2.1807874564568012e-7	-0.00010090399999999888	9.999999974752427e-7	0.0
17.8266321	-1.9192878635431988e-7	-0.0001039699999999949	9.999999974752427e-7	0.0
17.9234649	-4.714037703543199e-7	-9.390900000000313e-5	9.999999974752427e-7	0.0
18.0223002	-8.228967563543199e-7	-9.188400000000041e-5	9.999999974752427e-7	0.0
18.1195391	4.3724886864568014e-7	-0.00010807599999999862	9.999999974752427e-7	0.0
18.2150273	6.437550786456801e-7	-9.700499999999723e-5	9.999999974752427e-7	0.0
18.311652	1.1078681796456802e-6	-9.813699999999814e-5	9.999999974752427e-7	0.0
18.4092782	-5.7712600254319876e-8	-9.516099999999639e-5	9.999999974752427e-7	0.0
18.5063606	-1.23110261035432e-6	-9.608999999999313e-5	9.999999974752427e-7	0.0
18.6006582	-6.5204100335432e-7	-0.00011326600000000075	9.999999974752427e-7	0.0
18.6956472	-1.878753773543199e-7	-0.00012837300000000107	0.0	0.0
18.791732	-2.698429133543199e-7	-0.00012244299999999986	0.0	0.0
18.8874613	-1.1230202935431987e-7	-0.00011663900000000171	0.0	0.0
18.9841846	5.382795706456801e-7	-0.00012182600000000543	0.0	0.0
19.0807468	3.4578813764568013e-7	-0.00013668399999999803	9.999999974752427e-7	0.0
19.1776149	1.519243466456801e-7	-0.00013136399999999493	9.999999974752427e-7	0.0
19.2754842	4.902150746456801e-7	-0.00013419700000000256	9.999999974752427e-7	0.0
19.3711821	1.6687420996456802e-6	-0.00013155700000000436	9.999999974752427e-7	0.0
19.466075	7.923836316456801e-7	-0.00011086100000000376	9.999999974752427e-7	0.0
19.5636856	-3.932573743543199e-7	-0.0001248459999999979	9.999999974752427e-7	0.0
19.6587278	8.783651214568012e-8	-0.0001185550000000063	9.999999974752427e-7	0.0
19.7531712	-1.0005942903543199e-6	-0.00013126800000000383	9.999999974752427e-7	0.0
19.8473889	5.867773136456801e-7	-0.00011279499999999887	9.999999974752427e-7	0.0
19.9430279	-1.0066980503543198e-6	-0.00013384700000000638	9.999999974752427e-7	0.0
20.0402398	1.0801747596456802e-6	-0.00016094899999999357	9.999999974752427e-7	0.0
20.1360635	-1.7231363303543197e-6	-0.0001520099999999941	9.999999974752427e-7	0.0
20.2289178	3.656835166456801e-7	-0.0001361559999999984	9.999999974752427e-7	0.0
20.3234891	-1.813699173543199e-7	-0.00012292599999999543	9.999999974752427e-7	0.0
20.4184515	-1.4874533603543198e-6	-0.00013060900000000375	0.0	0.0
20.5138325	-3.3478363335431984e-7	-0.00013213600000000492	0.0	0.0
20.6078582	-2.792984673543199e-7	-0.00011376400000000231	0.0	0.0
20.7025196	-3.858696703543199e-7	-0.00010946300000000408	0.0	0.0
20.7991454	9.513745584568013e-8	-0.00012683700000000464	0.0	0.0
20.8926907	-3.8327402135431986e-7	-0.00014826900000000642	0.0	0.0
20.988741	-1.3732479503543197e-6	-0.00013873899999999884	0.0	0.0
21.0857623	6.434807466456801e-7	-0.00014543100000000142	0.0	0.0
21.1807981	1.1847581445680121e-8	-0.00013782599999999368	0.0	0.0
21.2770215	7.062710666456801e-7	-0.00015347799999999856	0.0	0.0
21.3742916	-3.5754607035431987e-7	-0.00016115499999999616	0.0	0.0
21.4672538	1.3019073596456802e-6	-0.0001583520000000005	0.0	0.0
21.560114	-1.5920792103543198e-6	-0.0001562590000000058	0.0	0.0
21.6549742	7.030545356456801e-7	-0.00015927699999999934	0.0	0.0
21.7499515	1.16007594964568e-6	-0.00018124099999999865	0.0	0.0
21.8440594	-1.4027128603543198e-6	-0.00016640499999999447	0.0	0.0
21.9395451	1.2082314396456802e-6	-0.00018081400000000136	0.0	0.0
22.0358871	-8.806146333543199e-7	-0.00020219000000000487	0.0	0.0
22.1312696	1.0873145696456803e-6	-0.00017264599999999852	0.0	0.0
22.2256883	-1.0179171603543198e-6	-0.00018968199999999658	0.0	0.0
22.3208591	-1.1418788803543199e-6	-0.00019412900000000122	0.0	0.0
22.4161311	-4.1200485054319876e-8	-0.0001782169999999944	0.0	0.0
22.5106067	4.0469347064568013e-7	-0.0001747569999999976	0.0	0.0
22.6067993	-7.367190163543199e-7	-0.00019527499999999476	0.0	0.0
22.7014409	-1.7878010703543197e-6	-0.00023484699999999636	0.0	0.0
22.7954178	5.667070536456801e-7	-0.00021067600000000686	0.0	0.0
22.8890382	-6.998662273543199e-7	-0.00020505499999999566	0.0	0.0
22.9839571	1.7597186896456803e-6	-0.00019870800000000577	0.0	0.0
23.0802893	1.5164956296456802e-6	-0.00022985300000000208	0.0	0.0
23.1756799	8.665554864568012e-8	-0.00020588900000000077	0.0	0.0
23.2702895	1.2487060696456802e-6	-0.00019548099999999735	0.0	0.0
23.3662687	-5.5591762735432e-7	-0.00022738799999999504	0.0	0.0
23.4632373	-5.5196885554319875e-8	-0.0002588210000000063	0.0	0.0
23.5573243	1.0518222296456802e-6	-0.0002664829999999979	0.0	0.0
23.652921	-2.8464884935431987e-7	-0.0002543569999999967	0.0	0.0
23.7488029	6.208935666456801e-7	-0.00029871200000000653	0.0	0.0
23.8457847	-1.268424765431988e-8	-0.00027240000000000597	0.0	0.0
23.9428433	-5.5670450335432e-7	-0.0002982130000000055	0.0	0.0
24.0391317	1.2390530496456803e-6	-0.0003302730000000059	0.0	0.0
24.1360305	-7.641207623543199e-7	-0.00031272400000000034	0.0	0.0
24.2319042	6.477470676456801e-7	-0.0003229430000000061	9.999999974752427e-7	0.0
24.3296037	1.9379885696456804e-6	-0.0003866200000000042	9.999999974752427e-7	0.0
24.4249724	1.6830295296456802e-6	-0.0004246029999999956	9.999999974752427e-7	0.0
24.5202531	2.8703115464568014e-7	-0.00039124299999999945	9.999999974752427e-7	0.0
24.6170029	5.14047698964568e-6	-0.00045625500000000263	9.999999974752427e-7	0.0
24.7146252	-1.9556893503543197e-6	-0.0004981569999999991	9.999999974752427e-7	0.0
24.809562	1.9062789496456801e-6	-0.0005080489999999965	9.999999974752427e-7	0.0
24.9036232	5.95504297964568e-6	-0.0006444389999999967	9.999999974752427e-7	0.0
24.9978372	1.8797058096456803e-6	-0.0006660750000000021	1.9999999949504854e-6	0.0
25.0909904	2.9588953496456802e-6	-0.0006683209999999995	1.9999999949504854e-6	0.0
25.1864633	-3.6354461503543197e-6	-0.0007354259999999974	1.9999999949504854e-6	0.0
25.2801284	-4.10718336035432e-6	-0.0007678430000000042	1.9999999949504854e-6	0.0
25.3707909	6.7427621396456805e-6	-0.0008298919999999987	1.9999999949504854e-6	0.0
25.4648939	1.93335453964568e-6	-0.0009865460000000048	2.999999992425728e-6	0.0
25.5611183	1.292182819964568e-5	-0.0011103320000000055	2.999999992425728e-6	0.0
25.6557985	6.71489343964568e-6	-0.0010827850000000028	3.999999989900971e-6	0.0
25.7506447	1.9538778896456803e-6	-0.0012058090000000021	5.000000015797923e-6	0.0
25.8476849	-5.0612743443198785e-9	-0.0013479690000000044	5.000000015797923e-6	0.0
25.944561	1.4517887799645679e-5	-0.0014527730000000044	6.000000013273166e-6	0.0
26.0402702	-3.6477709003543197e-6	-0.0015644449999999976	7.000000010748408e-6	0.0
26.1344928	3.487750689964568e-5	-0.001744641000000005	8.000000008223651e-6	0.0
26.2274369	-1.8346578403543197e-6	-0.0019216690000000008	8.000000008223651e-6	0.0
26.3218305	1.3578172896456802e-6	-0.001961850000000001	9.000000005698894e-6	0.0
26.4167516	2.122616219964568e-5	-0.0022162399999999943	1.100000000064938e-5	0.0
26.5122797	-3.3308336703543197e-6	-0.002403243999999999	1.1999999998124622e-5	0.0
26.6078374	-2.800811330035432e-5	-0.0026588980000000068	1.3999999993075107e-5	0.0
26.7026228	3.5206298899645684e-5	-0.0030650239999999995	1.6000000016447302e-5	0.0
26.7959257	6.426321469964568e-5	-0.003211342000000006	1.900000000887303e-5	0.0
26.8901876	-1.306995880035432e-5	-0.0035068679999999963	2.0000000006348273e-5	0.0
26.9874255	5.2207064499645686e-5	-0.0037179630000000047	2.2999999998774e-5	0.0
27.0847396	9.145088169964568e-5	-0.003813632999999997	2.4999999993724487e-5	0.0
27.1814679	-3.272800700035432e-5	-0.004349026000000006	2.599999999119973e-5	0.0
27.2789151	9.477461259964568e-5	-0.004306340000000006	2.8000000014571924e-5	0.0
27.3759996	-6.979918770035432e-5	-0.004695321000000002	3.2000000004472895e-5	0.0
27.4719737	0.00011315753599964568	-0.005157580999999994	3.699999999184911e-5	0.0
27.5674009	-7.04086016035432e-6	-0.005403496999999993	4.200000000764703e-5	0.0
27.6636997	-7.17597532035432e-6	-0.0055983659999999935	4.500000000007276e-5	0.0
27.7593426	2.500933349964568e-5	-0.006161966000000005	4.899999998997373e-5	0.0
27.8558994	-3.1598698500354316e-5	-0.006750780999999997	5.1000000013345925e-5	0.0
27.9517817	0.00011620409799964568	-0.007243054999999998	5.699999999819738e-5	0.0
28.046296	-9.551468210035432e-5	-0.007369091999999994	5.899999999314787e-5	0.0
28.1408322	0.00013904421199964568	-0.007733278999999996	5.7999999995672624e-5	0.0
28.2390921	6.701956809964568e-5	-0.007777647999999998	5.999999999062311e-5	0.0
28.3372782	-0.0001580697060003543	-0.008385635000000002	6.20000000139953e-5	0.0
28.4340669	1.386480949964568e-5	-0.008424511999999995	6.20000000139953e-5	0.0
28.5302502	0.00010105847899964569	-0.008820314999999995	6.300000001147055e-5	0.0
28.6245848	-0.00019424530400035433	-0.009432660999999995	6.20000000139953e-5	0.0
28.7210513	1.194146499964568e-5	-0.009717864000000007	6.400000000894579e-5	0.0
28.8168962	0.0001478073489996457	-0.009871181000000007	6.600000000389628e-5	0.0
28.9131342	2.182739749964568e-5	-0.010435729000000005	7.099999999127249e-5	0.0
29.0084817	6.049949109964568e-5	-0.010367067999999993	7.300000001464468e-5	0.0
29.1054985	-3.063635450035432e-5	-0.010672023000000003	7.500000000959517e-5	0.0
29.202088	-2.712068140035432e-5	-0.010571318999999996	8.099999999444663e-5	0.0
29.2978076	-0.00014289476800035433	-0.011590383999999995	8.600000001024455e-5	0.0
29.3928928	-0.0001840242740003543	-0.011545317	8.299999998939711e-5	0.0
29.4886625	-0.0002660673940003543	-0.012084138999999994	8.900000000267028e-5	0.0
29.5840872	-4.94542032035432e-6	-0.012156690999999997	9.299999999257125e-5	0.0
29.679348	-8.037142040035432e-5	-0.012870463999999998	9.900000000584441e-5	0.0
29.7749724	0.0001584448969996457	-0.013113321999999997	0.00010900000000901855	0.0
29.8704543	-0.00012446923500035432	-0.012884314999999993	0.00010299999999574538	0.0
29.9661506	5.2902338299645685e-5	-0.013071	0.00011100000000396903	0.0
30.0621617	0.00017688439799964567	-0.013119098999999995	0.00011200000000144428	0.0
30.1573034	2.5153162899645678e-5	-0.013712263000000002	0.00011399999999639476	0.0
30.2521249	0.0004016392749996457	-0.013953014	0.00011399999999639476	0.0
30.347075	0.0002948144759996457	-0.014329147	0.00011599999999134525	0.0
30.4436916	-0.0005593987150003543	-0.014397995999999996	0.00011100000000396903	0.0
30.539498	1.1618066799645679e-5	-0.014487343	0.00010499999999069587	0.0
30.633368	0.0003650370859996457	-0.014950631000000006	0.00010900000000901855	0.0
30.727871	-0.0001864053220003543	-0.014761059000000007	0.00011000000000649379	0.0
30.8228417	-6.312969720035432e-5	-0.014633019999999997	0.00010600000001659282	0.0
30.9172533	-0.0003605907480003543	-0.014856154999999996	0.00011299999999891952	0.0
31.0130894	-0.0003675497510003543	-0.015935680999999993	0.00011599999999134525	0.0
31.1083993	0.00025644665899964567	-0.016138341	0.00011200000000144428	0.0
31.2034224	1.3042910496456803e-6	-0.015758258999999997	0.00012000000000966793	0.0
31.2984746	5.5652222799645685e-5	-0.016225577000000005	0.00011800000001471744	0.0
31.3942717	0.00017499641899964568	-0.015834195999999995	0.00012200000000461841	0.0
31.4895049	-0.00011795668500035431	-0.016642239000000003	0.00013500000000021828	0.0
31.5846011	-0.00046385506100035434	-0.017117481000000004	0.00013699999999516876	0.0
31.6803822	-2.38074333035432e-6	-0.016529152000000005	0.0001420000000109667	0.0
31.7750306	0.0005342170149996456	-0.016961611	0.00014500000000339242	0.0
31.8700649	-0.00022687242600035433	-0.016517694	0.00014600000000086766	0.0
31.9649693	3.0333845299645678e-5	-0.017211476000000003	0.00014799999999581814	0.0
32.0609079	-4.028551830035432e-5	-0.016725163	0.00014799999999581814	0.0
32.1560896	0.0005965650949996457	-0.017365114	0.00015500000000656655	0.0
32.2501549	-3.688434140035432e-5	-0.016397086000000005	0.00015300000001161607	0.0
32.3453134	8.322404609964568e-5	-0.016469893	0.0001540000000090913	0.0
32.4402789	-0.0002829108270003543	-0.017176263999999997	0.00016400000001226545	0.0
32.535589	-7.565237720035431e-5	-0.016858484000000007	0.00015799999999899228	0.0
32.6324372	0.0001878728739996457	-0.017126073000000006	0.00016400000001226545	0.0
32.7277452	-0.00026741574700035433	-0.017861706000000005	0.0001650000000097407	0.0
32.8227971	0.0003815378319996457	-0.017886604	0.00016600000000721593	0.0
32.9193444	4.0297804099645684e-5	-0.016792286000000003	0.00016899999999964166	0.0
33.0159963	-7.187843830035432e-5	-0.017261617000000007	0.00017099999999459214	0.0
33.1125842	0.00019181854599964568	-0.017979822000000006	0.0001699999999971169	0.0
33.2077447	0.00014971118799964568	-0.017756099999999997	0.0001770000000078653	0.0
33.3012666	0.0003741240379996457	-0.018500182000000004	0.00018099999999776628	0.0
33.3968121	-6.909155250035431e-5	-0.01793936	0.00018199999999524152	0.0
33.4929702	5.775637399964568e-5	-0.018442268999999997	0.00018000000000029104	0.0
33.5880797	0.0002150764859996457	-0.018722242	0.0001770000000078653	0.0
33.6834891	-4.1559321700354316e-5	-0.019552282000000004	0.00018099999999776628	0.0
33.779115	0.00016031414399964567	-0.018232346999999996	0.00018199999999524152	0.0
33.8749004	0.00010418536299964569	-0.019279389999999993	0.00018700000001103945	0.0
33.9700095	0.0002219257619996457	-0.018783253	0.0001880000000085147	0.0
34.0656599	0.00039944002899964566	-0.019032733999999996	0.0001929999999958909	0.0
34.161514	3.6608707199645686e-5	-0.019473543999999995	0.00020299999999906504	0.0
34.2575308	9.286895929964568e-5	-0.018794249	0.0002020000000015898	0.0
34.3539542	-0.00044502602500035433	-0.019046966999999998	0.00019900000000916407	0.0
34.4507379	0.0002917015679996457	-0.019691016000000006	0.0002000000000066393	0.0
34.5459118	-0.00020560941600035432	-0.018513509999999997	0.00019600000001673834	0.0
34.6410665	0.00018702304999964567	-0.020150840000000003	0.0002000000000066393	0.0
34.7376955	-0.0001257350100003543	-0.019601491999999998	0.00019399999999336615	0.0
34.8324142	-9.628826840035432e-5	-0.019679040999999994	0.00019800000001168883	0.0
34.9265714	-0.0004977608150003543	-0.019472179000000006	0.00020100000000411455	0.0
35.0205192	-0.00038705394600035433	-0.019193603000000004	0.00019600000001673834	0.0
35.1153258	-0.0003961083650003543	-0.020315766	0.00019800000001168883	0.0
35.2099755	0.0008042800499996457	-0.019989302	0.0001929999999958909	0.0
35.3056033	-0.0005402584610003543	-0.020893172	0.00019600000001673834	0.0
35.4011662	-0.0003622249420003543	-0.019610626000000006	0.0001949999999908414	0.0
35.4966707	-1.174867040035432e-5	-0.019898415000000003	0.00020299999999906504	0.0
35.5906099	0.0004330593919996457	-0.020384584999999997	0.00020599999999149077	0.0
35.6851033	-0.0002397659230003543	-0.020305458999999998	0.00021300000000223918	0.0
35.7784826	8.079940959964569e-5	-0.020446431	0.00021000000000981345	0.0
35.8726968	0.0006956095449996457	-0.020494154	0.0002110000000072887	0.0
35.9684967	-0.00010315798700035432	-0.020347351	0.0002110000000072887	0.0
36.0636885	0.00011013003699964569	-0.020326312	0.0002159999999946649	0.0
36.1597476	-0.0003966483910003543	-0.020942460999999996	0.00021499999999718966	0.0
36.2544298	3.2289727499645685e-5	-0.020687287	0.00021499999999718966	0.0
36.3492739	5.3564096999645686e-5	-0.020226627999999996	0.0002179999999896154	0.0
36.4459666	0.0002417764709996457	-0.020387998000000004	0.00022100000001046283	0.0
36.5424266	0.0002446439589996457	-0.020343292	0.00021900000001551234	0.0
36.6368963	-0.0003106990860003543	-0.020934656999999995	0.0002179999999896154	0.0
36.7322347	0.00030058236699964566	-0.020087353000000002	0.00022200000000793807	0.0
36.8277483	-0.0003076937780003543	-0.02108433	0.00022899999999026477	0.0
36.9234224	0.0002286239439996457	-0.021290519999999993	0.00023600000000101318	0.0
37.0198053	-0.0003715387820003543	-0.020632772999999993	0.00023500000000353793	0.0
37.1152679	0.00044688762199964567	-0.021657766999999994	0.00023799999999596366	0.0
37.2085925	-2.289865900035432e-5	-0.020467487000000006	0.00023999999999091415	0.0
37.3045177	0.00016503075599964568	-0.020834175999999996	0.0002479999999991378	0.0
37.3997088	0.00015559214299964568	-0.020490045999999998	0.0002479999999991378	0.0
37.4963148	-0.00011363132100035432	-0.021879313999999997	0.0002499999999940883	0.0
37.5919222	-0.0007650154570003543	-0.021239073999999997	0.00023999999999091415	0.0
37.6863714	3.263309419964568e-5	-0.020907315999999995	0.00022899999999026477	0.0
37.7803327	0.00027002325699964567	-0.021514760999999993	0.00023999999999091415	0.0
37.8746525	0.00018674217499964568	-0.021449278000000002	0.0002460000000041873	0.0
37.9714648	-0.0002366370140003543	-0.020521518000000002	0.0002460000000041873	0.0
38.0664992	0.0004010574529996457	-0.020487542999999997	0.00024200000001428634	0.0
38.1629317	-7.405772280035432e-5	-0.021113340999999994	0.0002520000000174605	0.0
38.2590643	0.00019599641999964567	-0.021078884000000006	0.00024700000000166256	0.0
38.3535681	4.842513779964568e-5	-0.020941629000000003	0.00025099999999156353	0.0
38.4482919	0.00013408938099964567	-0.020256173000000002	0.00024500000000671207	0.0
38.5406439	0.00012879600799964568	-0.021033057999999993	0.0002499999999940883	0.0
38.6332151	3.665153099964568e-5	-0.021606240999999998	0.00026099999999473766	0.0
38.728189	5.052953039964568e-5	-0.021769532999999994	0.00026800000000548607	0.0
38.8237706	0.00014938054099964567	-0.020857135	0.0002640000000155851	0.0
38.9187016	2.9429661596456803e-6	-0.020256091000000004	0.0002690000000029613	0.0
39.0143209	0.00026025384599964567	-0.020832378999999998	0.0002729999999928623	0.0
39.1108148	-0.0006448512700003543	-0.020712300000000003	0.00027900000000613545	0.0
39.2055745	-0.00017309142500035433	-0.021320657000000007	0.00027700000001118497	0.0
39.3017713	0.0003312905499996457	-0.021199435000000003	0.0002849999999909869	0.0
39.3971709	-1.2127461000354321e-5	-0.021269007000000006	0.0002890000000093096	0.0
39.4911692	-0.0003680563710003543	-0.021901616999999998	0.0002890000000093096	0.0
39.5871274	0.0002418927529996457	-0.020737139	0.0002780000000086602	0.0
39.6823382	0.00015227376699964568	-0.020597155000000006	0.0002829999999960364	0.0
39.7773995	0.0002979483429996457	-0.020384774999999994	0.0002760000000137097	0.0
39.8731368	-0.0013583985400003544	-0.021972623999999996	0.00028100000000108594	0.0
39.9686121	0.00048080863899964567	-0.020988212000000006	0.0002729999999928623	0.0
40.0638266	-0.0001392995330003543	-0.020944586	0.00026800000000548607	0.0
40.1582743	0.00020484342599964568	-0.022144039000000004	0.00027000000000043656	0.0
40.2521596	0.00012016457699964568	-0.021988834	0.0002750000000162345	0.0
40.3476785	0.0002671775429996457	-0.021972809999999995	0.00027399999999033753	0.0
40.4409244	0.00015369650199964567	-0.021408798000000007	0.0002760000000137097	0.0
40.5366125	-0.0001938518050003543	-0.022240219000000006	0.0002660000000105356	0.0
40.6327304	-1.9174180603543197e-6	-0.021199972999999997	0.0002660000000105356	0.0
40.7306254	0.00017269274199964568	-0.021321648	0.00026500000001306034	0.0
40.8264647	-0.00012958915300035432	-0.021938825999999995	0.00027000000000043656	0.0
40.9222145	-0.0003967605620003543	-0.021058357	0.0002640000000155851	0.0
41.0173022	-0.00020191579800035432	-0.021762087	0.0002729999999928623	0.0
41.1119086	-0.0002951657500003543	-0.021328666999999996	0.00026700000000801083	0.0
41.2064843	0.0002858796759996457	-0.022268000999999996	0.00027199999999538704	0.0
41.2996748	4.9854927799645685e-5	-0.021869571000000004	0.0002599999999972624	0.0
41.3939743	-0.00021217756300035432	-0.022007815	0.0002619999999922129	0.0
41.4885021	0.0003632946229996457	-0.021983576000000005	0.0002570000000048367	0.0
41.5834553	-4.166893420035432e-5	-0.021068186000000003	0.00025800000000231194	0.0
41.6777663	-1.154413760035432e-5	-0.022368046000000003	0.00026099999999473766	0.0
41.7729099	-0.0005124632010003543	-0.022321573999999997	0.00025800000000231194	0.0
41.8674507	0.0002707864339996457	-0.022127557000000006	0.00026800000000548607	0.0
41.9626598	-0.0006045313790003543	-0.021840283000000002	0.00027000000000043656	0.0
42.0582085	-0.0005172792010003543	-0.022598991	0.0002589999999997872	0.0
42.1524413	0.0002639055739996457	-0.022117419	0.00025099999999156353	0.0
42.2482739	5.046731569964568e-5	-0.022831178999999993	0.0002690000000029613	0.0
42.3450538	5.740569769964568e-5	-0.02242155	0.00027900000000613545	0.0
42.4407752	-0.00037963620600035434	-0.022735962999999998	0.0002890000000093096	0.0
42.5365165	-0.0007371222050003544	-0.022235776999999998	0.00028800000001183435	0.0
42.6326967	-1.037877720035432e-5	-0.022347933	0.0002709999999979118	0.0
42.7283685	-0.00017982604300035432	-0.022652698	0.0002599999999972624	0.0
42.823691	0.0005351734399996457	-0.022721433	0.0002660000000105356	0.0
42.9191705	-0.00016820729700035432	-0.021934088000000004	0.0002750000000162345	0.0
43.0148009	-0.00015344668600035432	-0.023687632	0.00028100000000108594	0.0
43.1102906	-1.741184350035432e-5	-0.023556993	0.00028399999999351166	0.0
43.2065307	0.00013597347099964568	-0.022886043999999994	0.0002890000000093096	0.0
43.3018879	-0.0003838155680003543	-0.023345658000000005	0.0002819999999985612	0.0
43.3972755	2.663058429964568e-5	-0.023426265	0.0002890000000093096	0.0
43.4924739	-5.160248210035432e-5	-0.023402686000000006	0.0002980000000150085	0.0
43.5871336	-3.845819620035432e-5	-0.02338669	0.0003049999999973352	0.0
43.6822571	0.00045733446599964566	-0.022959216000000005	0.0003059999999948104	0.0
43.7774373	2.5155326499645678e-5	-0.023283120000000004	0.0003120000000080836	0.0
43.8712044	-0.00035607766200035433	-0.023240918	0.00031799999999293505	0.0
43.9673201	0.0002659273879996457	-0.023264569	0.00031799999999293505	0.0
44.063269	0.0003909433159996457	-0.023251431000000003	0.0003120000000080836	0.0
44.1596963	-7.798993350035432e-5	-0.023795510000000006	0.0003100000000131331	0.0
44.2549048	0.0005308046839996457	-0.023349788999999996	0.0003220000000112577	0.0
44.3511048	-5.549498010035432e-5	-0.022774212000000002	0.0003310000000169566	0.0
44.4468577	-0.0001496421010003543	-0.023462656	0.0003379999999992833	0.0
44.5418845	-0.00023282014400035432	-0.022617529999999997	0.000342000000017606	0.0
44.6370513	-9.555162250035432e-5	-0.023940481	0.00035500000001320586	0.0
44.7316684	8.494002139964568e-5	-0.022300364000000003	0.00034999999999740794	0.0
44.8275445	0.0004367799309996457	-0.023323160999999995	0.00035500000001320586	0.0
44.9245214	0.00015117080799964568	-0.022903042999999998	0.00035700000000815635	0.0
45.0200739	-0.0003451518650003543	-0.022964485000000007	0.00035700000000815635	0.0
45.1147313	-0.00039242338500035433	-0.022161	0.0003450000000100317	0.0
45.2098133	4.099361749964568e-5	-0.023025238000000003	0.0003330000000119071	0.0
45.305339	7.267075159964569e-5	-0.022924943000000003	0.000342000000017606	0.0
45.4015216	0.00011718551799964568	-0.023123950000000004	0.00034800000000245745	0.0
45.4977828	-0.00022296002400035432	-0.023371680000000006	0.00035700000000815635	0.0
45.5932893	-0.0009225747500003544	-0.023450037000000007	0.00035700000000815635	0.0
45.6891455	0.00011753558499964568	-0.023596225	0.0003580000000056316	0.0
45.7865353	-0.0003290879870003543	-0.022801116999999996	0.0003519999999923584	0.0
45.8830763	0.00036823239099964566	-0.022830817000000003	0.0003440000000125565	0.0
45.9772635	0.00020174989899964568	-0.023661571000000006	0.0003470000000049822	0.0
46.0724246	-0.0003987250060003543	-0.021399967000000006	0.00033400000000938235	0.0
46.1702197	0.0003713147509996457	-0.023627917999999998	0.00033600000000433283	0.0
46.2659059	0.00022562881999964567	-0.023219248999999997	0.0003379999999992833	0.0
46.3623639	0.0004148929809996457	-0.023214954999999995	0.00033899999999675856	0.0
46.4591968	8.995033429964568e-5	-0.023446039000000002	0.00033200000001443186	0.0
46.5560849	-0.0002953491490003543	-0.023152705999999995	0.0003220000000112577	0.0
46.6510577	0.00010160897199964568	-0.023177961999999996	0.00032999999999105967	0.0
46.7476135	-0.0004028718180003543	-0.023401382999999998	0.0003240000000062082	0.0
46.8444424	-4.1053586400354315e-5	-0.023411932999999996	0.00031799999999293505	0.0
46.9410267	0.0002383280189996457	-0.022814350999999997	0.0003220000000112577	0.0
47.0372585	0.0004112287089996457	-0.023151757999999995	0.0003279999999961092	0.0
47.1348671	0.00019430772999964567	-0.022832337999999994	0.00033200000001443186	0.0
47.2309775	-0.0001980436840003543	-0.022191862000000007	0.0003310000000169566	0.0
47.3255981	0.0001758347459996457	-0.023924788000000002	0.0003310000000169566	0.0
47.4215475	-0.00017928018500035431	-0.023456840000000007	0.00032699999999863394	0.0
47.5163565	-0.0002289580620003543	-0.023876746000000004	0.00032699999999863394	0.0
47.6119563	0.0001432215029996457	-0.024066851	0.0003210000000137825	0.0
47.7087742	5.20235349964568e-6	-0.023568218000000002	0.00033400000000938235	0.0
47.8045442	0.00041038044099964567	-0.023485011	0.0003279999999961092	0.0
47.9001933	-0.00011396374500035431	-0.023617092000000006	0.00033400000000938235	0.0
47.9965442	-9.946796820035432e-5	-0.023893159999999997	0.0003379999999992833	0.0
48.0917137	-9.844207240035431e-5	-0.02376826	0.00034099999999170905	0.0
48.1885127	-0.0004669448270003543	-0.023447120000000002	0.00034600000000750697	0.0
48.2856291	-7.973378070035432e-5	-0.024589189999999997	0.00035500000001320586	0.0
48.381713	8.916426839964568e-5	-0.023294621	0.00035500000001320586	0.0
48.4781897	-0.00021381615000035431	-0.023011595999999995	0.00036600000001385524	0.0
48.5733799	0.00029840873899964566	-0.023804816000000006	0.00036500000001638	0.0
48.6692143	0.0003085332789996457	-0.023705071999999994	0.0003580000000056316	0.0
48.7657486	1.8480068399645678e-5	-0.023964490000000005	0.0003470000000049822	0.0
48.8615743	-0.0005241217350003543	-0.023890071	0.00034300000001508124	0.0
48.9579437	6.111702839964568e-5	-0.023633362000000005	0.00033400000000938235	0.0
49.053752	-0.0003933169750003543	-0.024227215999999996	0.0003440000000125565	0.0
49.1502741	-0.0003445040880003543	-0.024256126000000003	0.00034300000001508124	0.0
49.247049	0.0003930769739996457	-0.024227196000000006	0.0003509999999948832	0.0
49.3435368	0.00011976311799964568	-0.024042623	0.0003399999999942338	0.0
49.4395926	0.0005927823579996457	-0.024087121000000003	0.0003450000000100317	0.0
49.5360307	8.114002719964568e-5	-0.023826170999999993	0.0003440000000125565	0.0
49.6335211	0.0001966144139996457	-0.024206309999999995	0.0003379999999992833	0.0
49.7288904	-2.699363090035432e-5	-0.023693662000000004	0.0003519999999923584	0.0
49.8247475	8.157463929964568e-5	-0.024134765000000002	0.00034600000000750697	0.0
49.9218506	0.0009549188919996457	-0.024422717999999996	0.00035500000001320586	0.0
50.0	9.754228029964569e-5	-0.024729629000000003	0.0003600000000005821	0.0
