0.0	0.0	0.0	0.0	0.0
0.122611225	1.136450000000003e-19	8.896399999999693e-5	0.0	-2.1000000014481657e-6
0.245213609	5.411364009999999e-16	5.48780000000082e-5	0.0	-1.1000000004202093e-6
0.367743877	-1.270744165e-15	4.1050999999986404e-5	0.0	-7.000000010748408e-7
0.490260521	-1.807663525e-15	8.399100000000548e-5	0.0	-2.1000000014481657e-6
0.612746125	2.091759655e-15	1.3326000000007943e-5	0.0	-1.0000000116860974e-7
0.735158227	1.322103975e-15	7.907500000001177e-5	0.0	-1.7000000003264404e-6
0.857591852	1.148932492e-15	7.266499999999954e-5	0.0	-1.300000000981072e-6
0.979924279	4.2410473399999995e-16	2.057699999999385e-5	0.0	-4.000000011217253e-7
1.1022604	-1.7799485350000003e-15	8.086099999998764e-5	0.0	-1.7000000003264404e-6
1.22453088	1.425633935e-15	3.693499999998795e-5	0.0	-7.000000010748408e-7
1.34675669	1.076333625e-15	6.116500000000191e-5	0.0	-9.000000016357035e-7
1.46894564	-1.425806145e-15	8.872400000001224e-5	0.0	-1.7000000003264404e-6
1.59107831	6.28341061e-16	7.450999999991659e-6	0.0	1.999999987845058e-7
1.71315184	3.7023931759999995e-16	8.948500000000026e-5	0.0	-1.5000000015419346e-6
1.83518731	1.22613304e-15	5.695899999999532e-5	0.0	-5.999999999062311e-7
1.95713787	3.6583541929999997e-16	4.95179999999984e-5	0.0	-2.9999999995311555e-7
2.07904408	1.617457785e-15	8.548499999999626e-5	0.0	-1.4000000003733248e-6
2.20089206	1.2054009969999999e-15	1.9588999999986534e-5	0.0	2.9999999995311555e-7
2.32266364	1.704812805e-15	8.305899999999644e-5	0.0	-1.200000001588819e-6
2.44442372	3.803258202e-16	7.592500000000446e-5	0.0	-5.999999999062311e-7
2.56608585	2.013614995e-15	3.1567000000010115e-5	0.0	-1.0000000116860974e-7
2.68770622	1.332699025e-15	8.118200000001297e-5	0.0	-8.000000004670937e-7
2.80924302	1.562318035e-15	4.5864000000006566e-5	0.0	-2.0000000056086265e-7
2.9307092	3.000976365e-15	6.712799999999963e-5	0.0	-2.9999999995311555e-7
3.05212047	1.770926135e-15	8.841600000000782e-5	0.0	-9.000000016357035e-7
3.17345021	3.600649585e-15	2.075500000001118e-5	0.0	2.9999999995311555e-7
3.29473709	4.345478565e-15	8.791499999999397e-5	0.0	-7.000000010748408e-7
3.41597422	2.206095355e-15	6.953900000000734e-5	0.0	-4.000000011217253e-7
3.53712264	1.208588255e-15	5.211999999998884e-5	0.0	9.99999993922529e-8
3.65827577	2.508436925e-15	8.489600000000097e-5	0.0	-7.000000010748408e-7
3.77933172	2.957966735e-15	3.3407000000013065e-5	0.0	3.9999999934536845e-7
3.90037067	4.965789415e-15	8.251100000000733e-5	0.0	-5.000000005139782e-7
4.02137878	3.606118455e-15	8.059599999998834e-5	0.0	-2.0000000056086265e-7
4.14232274	5.621801755e-15	3.60970000000127e-5	0.0	1.999999987845058e-7
4.26327431	3.826691445e-15	8.099699999999932e-5	0.0	-2.9999999995311555e-7
4.38419297	6.204166215e-15	6.390800000000141e-5	0.0	-1.0000000116860974e-7
4.50508341	4.6173134549999995e-15	6.818599999999786e-5	0.0	0.0
4.62600932	5.436566595e-15	8.59980000000038e-5	0.0	-5.999999999062311e-7
4.74688785	6.119492305e-15	3.581799999999302e-5	0.0	2.9999999995311555e-7
4.86780091	5.538731965e-15	8.414100000000979e-5	0.0	-5.000000005139782e-7
4.98872801	6.017385505e-15	8.271300000001203e-5	0.0	-5.000000005139782e-7
5.10963573	6.687047285e-15	4.911899999998637e-5	0.0	1.999999987845058e-7
5.23060665	7.468637275e-15	8.400399999999864e-5	0.0	-8.000000004670937e-7
5.35155761	8.594410995e-15	5.15329999999925e-5	0.0	9.99999993922529e-8
5.47255727	8.429320435e-15	8.304800000000223e-5	0.0	-5.999999999062311e-7
5.59361509	4.216127965e-15	7.982400000000611e-5	0.0	-5.999999999062311e-7
5.71468195	8.997002165e-15	4.328100000000612e-5	0.0	-1.0000000116860974e-7
5.83577781	7.674997855e-15	7.781400000000938e-5	0.0	-8.000000004670937e-7
5.9568249	7.579817185e-15	7.708300000000556e-5	0.0	-5.999999999062311e-7
6.07780297	8.898024055e-15	6.536100000001377e-5	0.0	-2.0000000056086265e-7
6.19872725	8.574584605e-15	8.24279999999955e-5	0.0	-1.0000000010279564e-6
6.31956161	7.162994365000001e-15	5.1835000000000075e-5	0.0	9.99999993922529e-8
6.4402991	7.525876205e-15	8.62739999999973e-5	0.0	-9.000000016357035e-7
6.560969	8.141862205e-15	8.672500000000971e-5	0.0	-1.0000000010279564e-6
6.68151451	8.748724675e-15	5.042099999999494e-5	0.0	-1.0000000116860974e-7
6.80199485	1.0506017955e-14	7.88720000000076e-5	0.0	-1.300000000981072e-6
6.92226777	8.911087795e-15	6.652400000001224e-5	0.0	-4.000000011217253e-7
7.0420548	9.299384385e-15	7.65899999999875e-5	0.0	-7.000000010748408e-7
7.16146408	8.920962535000001e-15	7.573099999999555e-5	0.0	-1.0000000010279564e-6
7.27982085	7.751100435e-15	5.2602000000012694e-5	0.0	-1.0000000116860974e-7
7.3971354	7.689033685000001e-15	8.032699999999116e-5	0.0	-9.000000016357035e-7
7.51372813	7.718643895000001e-15	8.333599999998942e-5	0.0	-1.1000000004202093e-6
7.62982042	7.498784225e-15	5.043699999998652e-5	0.0	0.0
7.74585384	8.863056875e-15	7.857399999999792e-5	0.0	-1.200000001588819e-6
7.86219517	8.383506425e-15	7.636099999999701e-5	0.0	-4.000000011217253e-7
7.9790617	7.716717205000001e-15	7.076500000000041e-5	0.0	-2.9999999995311555e-7
8.09632373	5.6450155949999996e-15	7.765300000001085e-5	0.0	-1.0000000010279564e-6
8.21389061	6.404877845e-15	6.158800000000131e-5	0.0	0.0
8.33178768	7.406904455e-15	8.318600000001286e-5	0.0	-5.999999999062311e-7
8.44997421	6.396723495e-15	8.339500000001387e-5	0.0	-8.000000004670937e-7
8.56797645	6.968384505e-15	5.384999999999418e-5	0.0	2.9999999995311555e-7
8.68582936	5.1152461549999996e-15	8.339900000001177e-5	0.0	-7.000000010748408e-7
8.80357647	6.130827575e-15	8.272600000000518e-5	0.0	-4.000000011217253e-7
8.92120627	5.6575207349999995e-15	6.7581000000011e-5	0.0	1.999999987845058e-7
9.03868979	6.598120495e-15	7.716299999999121e-5	0.0	-7.000000010748408e-7
9.15613789	4.8583912049999994e-15	6.447100000001038e-5	0.0	3.9999999934536845e-7
9.2733151	4.099155745e-15	7.921399999999412e-5	0.0	-2.0000000056086265e-7
9.39023779	3.9798057449999995e-15	8.112399999998798e-5	0.0	-2.9999999995311555e-7
9.50688597	3.778872075e-15	5.23370000000134e-5	0.0	3.9999999934536845e-7
9.62314218	3.2445088149999998e-15	8.224200000001014e-5	0.0	-2.0000000056086265e-7
9.73903114	4.028794775e-15	8.203500000000807e-5	0.0	-2.0000000056086265e-7
9.85461148	3.951615204999999e-15	5.527399999999405e-5	0.0	6.99999999298484e-7
9.96993927	3.0337091550000003e-15	7.36149999999991e-5	0.0	-2.0000000056086265e-7
10.0851351	3.232962655e-15	7.309599999999472e-5	0.0	4.999999987376214e-7
10.2000247	4.0799640249999994e-15	6.837000000001203e-5	0.0	2.9999999995311555e-7
10.3144504	2.843039215e-15	7.490900000001188e-5	0.0	9.99999993922529e-8
10.4284835	2.7848835449999998e-15	6.0896000000004724e-5	0.0	5.999999999062311e-7
10.5421465	1.473476915e-15	7.776700000000636e-5	0.0	4.999999987376214e-7
10.6553445	1.973273355e-15	7.644100000001042e-5	0.0	9.99999993922529e-8
10.7682	1.536963325e-15	5.095999999998879e-5	0.0	9.999999992515995e-7
10.8809027	1.833392385e-15	8.000499999999411e-5	0.0	1.999999987845058e-7
10.9936561	9.99517716e-16	7.868199999999659e-5	0.0	4.999999987376214e-7
11.1066678	1.6223549599999997e-16	5.0488999999986905e-5	0.0	7.999999986907369e-7
11.2201886	1.1404123e-15	7.497700000000385e-5	0.0	5.999999999062311e-7
11.3342654	6.89421737e-16	7.715299999999647e-5	0.0	3.9999999934536845e-7
11.4487717	-4.9203373e-16	5.688200000000809e-5	0.0	9.999999992515995e-7
11.563852	-6.703261550000001e-16	7.222200000001067e-5	0.0	3.9999999934536845e-7
11.6796351	1.0391023299999996e-16	6.484300000000887e-5	0.0	7.999999986907369e-7
11.7961703	8.674134599999998e-17	7.15330000000125e-5	0.0	5.999999999062311e-7
11.9135888	-7.29884015e-16	7.115899999998732e-5	0.0	7.999999986907369e-7
12.0313577	2.24508553e-16	4.95980000000118e-5	0.0	8.999999998593466e-7
12.1491808	1.0986164799999998e-16	7.77959999999911e-5	0.0	8.999999998593466e-7
12.2671302	-1.4660864000000047e-17	8.011499999999172e-5	0.0	5.999999999062311e-7
12.3850145	-1.376488425e-15	4.8272999999987576e-5	0.0	1.1999999998124622e-6
12.5028418	-1.444275815e-15	7.646599999999726e-5	0.0	7.999999986907369e-7
12.6206286	-4.9065799e-16	6.99309999999953e-5	0.0	1.0999999986438525e-6
12.738181	-2.2059799650000004e-15	6.543999999999994e-5	0.0	1.0999999986438525e-6
12.8555336	4.5946006999999957e-17	7.33350000000077e-5	0.0	1.299999999204715e-6
12.9729012	-1.91462813e-16	5.308900000000616e-5	0.0	1.299999999204715e-6
13.0905815	-2.417624085e-15	7.807300000001183e-5	0.0	1.299999999204715e-6
13.2085483	6.23372224e-16	7.667199999999985e-5	0.0	1.299999999204715e-6
13.325734	-7.093075749999999e-16	4.6018000000008774e-5	0.0	1.399999998596968e-6
13.4418047	-1.766519395e-15	7.41920000000007e-5	0.0	1.4999999997655777e-6
13.5572979	-1.4686391800000003e-16	7.339100000000598e-5	0.0	1.399999998596968e-6
13.6721889	-1.7801845649999996e-15	5.4450000000011434e-5	0.0	1.4999999997655777e-6
13.7858411	-1.0629149500000002e-16	7.010900000001263e-5	0.0	1.4999999997655777e-6
13.8983324	-2.652612305e-15	6.162200000001117e-5	0.0	1.399999998596968e-6
14.0098855	-1.209988685e-15	6.553500000000545e-5	0.0	1.299999999204715e-6
14.1211867	-1.702599375e-15	6.800300000001092e-5	0.0	1.5999999991578306e-6
14.2325123	-1.312311405e-15	5.614800000000586e-5	0.0	1.4999999997655777e-6
14.3439369	-2.339575585e-15	7.329300000000205e-5	0.0	1.4999999997655777e-6
14.455716	-2.9214050450000004e-15	7.334900000000033e-5	0.0	1.5999999991578306e-6
14.5675211	-3.2441336850000002e-15	4.9018000000011774e-5	0.0	1.5999999991578306e-6
14.6797921	-2.689943265e-15	7.901799999998627e-5	0.0	1.399999998596968e-6
14.7929297	-2.8840793250000002e-15	7.644000000001094e-5	0.0	1.5999999991578306e-6
14.9065301	-4.721274385e-15	4.766500000000229e-5	0.0	1.399999998596968e-6
15.0200124	-5.046444715e-15	7.68720000000056e-5	0.0	1.4999999997655777e-6
15.1329459	-3.4525670550000005e-15	7.798400000000316e-5	0.0	1.299999999204715e-6
15.2454396	-3.871788615e-15	4.9842999999993864e-5	0.0	1.399999998596968e-6
15.3579354	-4.905406335e-15	7.411700000001242e-5	0.0	1.299999999204715e-6
15.4709002	-3.4718645650000003e-15	7.037400000001193e-5	0.0	1.1999999998124622e-6
15.584659	-3.673202985e-15	6.258400000000441e-5	0.0	1.0999999986438525e-6
15.6987948	-3.4978460550000005e-15	7.195400000001295e-5	0.0	1.4999999997655777e-6
15.8131628	-2.9975740550000004e-15	6.023999999998919e-5	0.0	1.0999999986438525e-6
15.9274563	-3.580770735e-15	7.503100000000318e-5	0.0	1.299999999204715e-6
16.0417756	-3.2216769949999997e-15	7.709799999999767e-5	0.0	1.1999999998124622e-6
16.1561316	-3.691574745e-15	5.051100000000308e-5	0.0	1.1999999998124622e-6
16.2706511	-3.534701475e-15	8.205099999999965e-5	0.0	1.0999999986438525e-6
16.3851923	-3.0428215949999997e-15	8.001899999998674e-5	0.0	1.399999998596968e-6
16.4996663	-3.0558800850000003e-15	5.0717000000005674e-5	0.0	1.0999999986438525e-6
16.6131442	-2.833172345e-15	7.727499999998777e-5	0.0	1.399999998596968e-6
16.72556	-4.121370385e-15	7.774699999998913e-5	0.0	8.999999998593466e-7
16.8372437	-4.016905925e-15	5.589999999999762e-5	0.0	1.1999999998124622e-6
16.9487215	-2.8367669750000003e-15	6.835099999999428e-5	0.0	1.399999998596968e-6
17.060677	-2.8452919749999998e-15	5.996699999999411e-5	0.0	1.399999998596968e-6
17.1734478	-3.0543817450000002e-15	5.13309999999878e-5	0.0	1.299999999204715e-6
17.287112	-2.0778891549999997e-15	5.8781000000007744e-5	0.0	1.8999999991109462e-6
17.4012773	-2.596318635e-15	5.6221999999994665e-5	0.0	1.5999999991578306e-6
17.5145835	-3.121437445e-15	7.594199999999551e-5	0.0	1.999999998503199e-6
17.6273771	-3.448846545e-15	7.533200000001128e-5	0.0	2.2999999984563146e-6
17.7401899	-2.234471225e-15	5.14550000000058e-5	0.0	2.2999999984563146e-6
17.8529476	-2.284285475e-15	8.125600000000177e-5	0.0	2.099999999671809e-6
17.9656541	-3.5566818450000005e-15	7.815899999999432e-5	0.0	2.2999999984563146e-6
18.0787583	-2.5708590250000003e-15	5.116699999999086e-5	0.0	2.099999999671809e-6
18.1925478	-2.901141565e-15	7.687000000000666e-5	0.0	2.3999999996249244e-6
18.3072628	-4.458426065e-15	7.873399999999697e-5	0.0	2.1999999990640617e-6
18.422503	-4.2092009650000005e-15	5.93560000000104e-5	0.0	2.2999999984563146e-6
18.5373568	-3.802560585e-15	7.247399999998905e-5	0.0	2.3999999996249244e-6
18.6518832	-3.655467635e-15	7.186600000000376e-5	0.0	2.2999999984563146e-6
18.7663229	-4.196378495e-15	7.435599999999765e-5	0.0	2.1999999990640617e-6
18.8809618	-4.305759345e-15	7.198499999999664e-5	0.0	2.59999999840943e-6
18.9961296	-3.5076403650000003e-15	6.134799999998886e-5	0.0	2.3999999996249244e-6
19.1120691	-3.859107765e-15	8.163099999999868e-5	0.0	2.59999999840943e-6
19.2286719	-5.6681577450000006e-15	8.007500000001277e-5	0.0	2.59999999840943e-6
19.343197	-5.8521445750000004e-15	5.2021000000013196e-5	0.0	2.799999998970293e-6
19.4550399	-4.833260285e-15	7.661700000000105e-5	0.0	2.69999999957804e-6
19.5648031	-5.720433685e-15	7.697800000000532e-5	0.0	2.8999999983625457e-6
19.6735782	-5.9268449750000006e-15	4.89559999999889e-5	0.0	2.9999999995311555e-6
19.782781	-5.8847742050000004e-15	7.339600000000335e-5	0.0	3.399999998876524e-6
19.8925987	-7.289509124999999e-15	7.91920000000057e-5	0.0	3.5000000000451337e-6
20.0030262	-7.306146515e-15	5.632999999999333e-5	0.0	3.6999999988296395e-6
20.1129873	-7.012579085000001e-15	6.933600000000317e-5	0.0	4.199999999343618e-6
20.2232586	-7.207157915e-15	7.044000000000494e-5	0.0	4.299999998735871e-6
20.3338381	-7.738550705e-15	6.147100000000738e-5	0.0	4.799999999249849e-6
20.4448957	-7.567050655e-15	6.687799999999244e-5	0.0	5.299999999763827e-6
20.5567542	-8.166003544999999e-15	7.107700000000272e-5	0.0	5.099999999202964e-6
20.6694217	-6.622587025e-15	6.972299999999376e-5	0.0	4.999999999810711e-6
20.7824504	-8.159550355e-15	6.61959999999906e-5	0.0	5.39999999915608e-6
20.8960489	-7.353729855e-15	5.305299999999735e-5	0.0	4.899999998642102e-6
21.010312	-7.060418125000001e-15	7.327500000001153e-5	0.0	5.099999999202964e-6
21.1252165	-5.609643665e-15	6.495700000000437e-5	0.0	5.299999999763827e-6
21.2401585	-6.374708155e-15	4.372199999999604e-5	0.0	5.099999999202964e-6
21.3549904	-5.599370305e-15	7.037700000001035e-5	0.0	5.39999999915608e-6
21.4700306	-6.566919265e-15	7.49160000000082e-5	0.0	5.39999999915608e-6
21.5851887	-5.2353741550000005e-15	5.340900000000426e-5	0.0	5.299999999763827e-6
21.699897	-4.0650172750000004e-15	6.853600000000792e-5	0.0	5.999999999062311e-6
21.8144555	-6.6185832850000006e-15	7.421899999998649e-5	0.0	5.499999998548333e-6
21.9291259	-5.641589685e-15	6.814099999999379e-5	0.0	5.499999998548333e-6
22.0441039	-4.549005055e-15	7.110199999998956e-5	0.0	5.999999999062311e-6
22.1589979	-4.870850015e-15	6.1419000000007e-5	0.0	5.39999999915608e-6
22.2736407	-4.712460905e-15	8.244700000001326e-5	0.0	5.499999998548333e-6
22.3875866	-5.811937565e-15	7.230799999999316e-5	0.0	5.999999999062311e-6
22.5006465	-5.542352815e-15	5.490799999999241e-5	0.0	5.299999999763827e-6
22.6129551	-5.195880475e-15	7.900799999999153e-5	0.0	5.699999999109195e-6
22.7246393	-6.004606745e-15	8.061200000000768e-5	0.0	5.5999999997169425e-6
22.8359036	-5.681483745e-15	5.143699999998752e-5	0.0	5.299999999763827e-6
22.9466243	-5.111962725e-15	7.619100000000323e-5	0.0	5.699999999109195e-6
23.0569481	-4.3545761550000005e-15	7.724700000000251e-5	0.0	5.5999999997169425e-6
23.165945	-5.076121365e-15	5.621000000000098e-5	0.0	5.199999998595217e-6
23.2735117	-5.2015136850000005e-15	6.66910000000076e-5	0.0	6.099999998454564e-6
23.380007	-5.903410835e-15	7.354500000000819e-5	0.0	5.899999999670058e-6
23.4860023	-5.050978215e-15	5.0771000000005007e-5	0.0	6.099999998454564e-6
23.5917497	-5.650387425e-15	5.955399999998945e-5	0.0	6.899999998921658e-6
23.6982036	-6.0220256450000005e-15	7.259800000000705e-5	0.0	7.000000000090267e-6
23.8062698	-6.362826095e-15	4.6354999999997926e-5	0.0	7.09999999948252e-6
23.9144261	-5.109661345e-15	6.450899999999038e-5	0.0	7.799999998781004e-6
24.0208841	-3.153454265e-15	7.044800000000073e-5	0.0	7.5999999999964984e-6
24.1264478	-5.202751525e-15	5.634099999998754e-5	0.0	7.399999999435636e-6
24.2326972	-5.386519815e-15	5.8114999999997474e-5	0.0	8.19999999990273e-6
24.3408207	-4.1216226950000004e-15	7.371600000000145e-5	0.0	7.799999998781004e-6
24.4496365	-4.052684355e-15	5.412699999998716e-5	0.0	7.899999999949614e-6
24.5590594	-5.215339715e-15	5.895999999999679e-5	0.0	8.299999999294982e-6
24.6680603	-4.458329035e-15	7.038000000000877e-5	0.0	7.899999999949614e-6
24.7763954	-4.721791905e-15	6.320100000001272e-5	0.0	7.799999998781004e-6
24.8826382	-4.6818611250000005e-15	5.6450000000013434e-5	0.0	8.399999998687235e-6
24.9871877	-3.514679265e-15	7.172199999999629e-5	0.0	7.899999999949614e-6
25.0911231	-2.9081280049999998e-15	6.453800000000287e-5	0.0	7.899999999949614e-6
25.19486	-3.4922154650000006e-15	5.838699999999308e-5	0.0	8.599999999248098e-6
25.2994081	-3.587176725e-15	7.529800000000142e-5	0.0	8.399999998687235e-6
25.4040636	-3.3268827550000004e-15	6.325200000001363e-5	0.0	8.499999999855845e-6
25.5088135	-3.1506743750000004e-15	6.0950000000004056e-5	0.0	9.299999998546582e-6
25.6131629	-4.050953475e-15	7.651399999999975e-5	0.0	9.099999999762076e-6
25.7186553	-3.030848835e-15	6.427300000000358e-5	0.0	9.199999999154329e-6
25.8247572	-1.8854776349999997e-15	5.8341999999989014e-5	0.0	9.79999999906056e-6
25.9312307	-3.2571284750000004e-15	7.37959999999871e-5	0.0	9.499999999107445e-6
26.0368933	-4.439452875e-15	5.992299999998951e-5	0.0	9.399999999715192e-6
26.142331	-3.1065597749999998e-15	4.9463999999999064e-5	0.0	1.0199999998405929e-5
26.2481854	-1.977896015e-15	6.806900000000393e-5	0.0	9.79999999906056e-6
26.3551575	-2.722480235e-15	5.470099999999034e-5	0.0	9.999999999621423e-6
26.4613199	-2.9053236349999998e-15	4.620499999999361e-5	0.0	1.0399999998966791e-5
26.5660695	-2.171603725e-15	6.178900000000653e-5	0.0	1.0199999998405929e-5
26.6702248	-1.6548481950000002e-15	5.3456000000007275e-5	0.0	1.0199999998405929e-5
26.7750676	-2.5023618150000004e-15	4.69559999999869e-5	0.0	1.1199999999433885e-5
26.8804356	-3.054528605e-15	7.117800000000507e-5	0.0	1.0800000000088517e-5
26.9845042	-3.8267438950000004e-15	5.962200000000917e-5	0.0	1.1100000000041632e-5
27.0882348	-2.001582785e-15	5.616499999999691e-5	0.0	1.1599999998779253e-5
27.192556	-1.211058685e-15	7.4600000000008e-5	0.0	1.1399999999994748e-5
27.2975869	-1.469899765e-15	6.006899999999593e-5	0.0	1.1499999999387e-5
27.4013311	-2.2261210549999998e-15	5.3421999999997416e-5	0.0	1.1999999999900979e-5
27.5033584	-1.4055566450000001e-15	6.908599999999598e-5	0.0	1.1999999999900979e-5
27.6047015	-2.1075753150000003e-15	4.8573999999995676e-5	0.0	1.1799999999340116e-5
27.7062591	-1.462850375e-15	5.483700000000202e-5	0.0	1.259999999980721e-5
27.8081285	-1.135872245e-15	6.110500000000574e-5	0.0	1.2199999998685485e-5
27.908937	-1.471284465e-15	4.721499999998935e-5	0.0	1.24999999986386e-5
28.0083165	-1.454703025e-15	5.9400999999986714e-5	0.0	1.259999999980721e-5
28.1074349	-6.27190637e-16	6.224299999998961e-5	0.0	1.3099999998544831e-5
28.2066093	-8.20181515e-16	4.9834999999998075e-5	0.0	1.2999999999152578e-5
28.3040636	-1.5470688450000001e-15	6.82069999999868e-5	0.0	1.3299999999105694e-5
28.4012831	-6.2583391e-16	4.9282000000011594e-5	0.0	1.4099999999572788e-5
28.5000321	-6.310370270000001e-16	5.262600000000006e-5	0.0	1.3899999999011925e-5
28.6010652	4.50349354e-16	6.346099999998689e-5	0.0	1.4399999999525903e-5
28.7025943	-3.8552543700000005e-16	3.927600000000475e-5	0.0	1.4799999998871272e-5
28.8059734	-3.6312895600000006e-16	5.794600000000316e-5	0.0	1.5099999998824387e-5
28.9086146	1.0149749699999997e-16	5.790099999999909e-5	0.0	1.5399999998777503e-5
29.0095106	1.4092649399999997e-16	4.4133000000001754e-5	0.0	1.639999999980546e-5
29.1104945	6.01087638e-16	6.2095000000012e-5	0.0	1.629999999863685e-5
29.2102386	-4.72831501e-16	5.844199999999189e-5	0.0	1.6799999999150828e-5
29.3091905	-2.3943254400000004e-16	4.560900000000201e-5	0.0	1.7699999999010174e-5
29.4076281	1.5555152999999995e-17	6.0771999999986726e-5	0.0	1.7799999998402427e-5
29.5045966	4.08582801e-16	4.2186999999999086e-5	0.0	1.8400000000085015e-5
29.6019062	6.1859221e-16	5.0042999999999616e-5	0.0	1.870000000003813e-5
29.6996787	8.7606257699999995e-16	5.6095000000006e-5	0.0	1.9199999998775752e-5
29.7981137	1.171745082e-15	4.24739999999868e-5	0.0	1.929999999994436e-5
29.8953649	1.1608353210000001e-15	6.513999999999132e-5	0.0	1.9799999998681983e-5
29.9929194	1.1647796190000001e-15	4.987900000000267e-5	0.0	2.0399999998588214e-5
30.0918532	1.302109737e-15	5.0656000000010026e-5	0.0	2.0499999999756824e-5
30.1909487	2.1742070479999996e-16	5.8586999999998834e-5	0.0	2.0999999998494445e-5
30.288999	8.76831855e-16	3.661799999998827e-5	0.0	2.1499999999008423e-5
30.3883222	2.0055952899999997e-16	5.256200000000599e-5	0.0	2.19999999995224e-5
30.4880382	-1.5686453299999998e-16	5.1114999999990474e-5	0.0	2.2099999998914654e-5
30.5879451	-3.8734896000000016e-17	4.109699999998995e-5	0.0	2.2899999999381748e-5
30.6882267	1.500268765e-15	6.044299999999336e-5	0.0	2.2899999999381748e-5
30.7857553	-9.9451914e-17	5.067400000000055e-5	0.0	2.3399999999895726e-5
30.8821676	8.33822219e-16	4.718000000000777e-5	0.0	2.3799999999241095e-5
30.9795618	1.1872119420000001e-15	5.65770000000021e-5	0.0	2.3899999998633348e-5
31.0788281	1.913385935e-15	3.69179999999969e-5	0.0	2.469999999910044e-5
31.1778325	1.249288309e-15	4.9042999999998615e-5	0.0	2.4799999998492694e-5
31.2762887	1.2742968389999999e-15	4.912400000001149e-5	0.0	2.5499999999567535e-5
31.3743876	-1.4270981699999998e-16	4.0663999999995815e-5	0.0	2.579999999952065e-5
31.474203	2.7612378650000003e-15	6.022399999999761e-5	0.0	2.619999999886602e-5
31.5735488	1.8804180050000003e-15	4.426399999998831e-5	0.0	2.6699999999379997e-5
31.6723607	2.140056335e-15	5.120899999999651e-5	0.0	2.7099999998725366e-5
31.7716474	1.518843335e-15	5.8003000000000915e-5	0.0	2.7599999999239344e-5
31.870063	1.206012922e-15	3.631600000000845e-5	0.0	2.8199999999145575e-5
31.9684444	1.2166289589999999e-15	5.0106999999993684e-5	0.0	2.8699999999659553e-5
32.0669554	1.2974311269999999e-15	4.320099999999272e-5	0.0	2.899999999961267e-5
32.1659927	1.664705445e-15	3.663000000000971e-5	0.0	2.9699999998911153e-5
32.2619914	2.6164352549999996e-15	5.4616000000007325e-5	0.0	2.9899999999472016e-5
32.3577149	1.068633851e-15	4.137200000001173e-5	0.0	3.0399999999985994e-5
32.4518544	1.814588785e-15	5.0013999999987124e-5	0.0	3.079999999933136e-5
32.5449992	2.051869095e-15	4.4917000000005425e-5	0.0	3.119999999867673e-5
32.6379773	2.7839376849999997e-15	3.6301999999988066e-5	0.0	3.189999999975157e-5
32.7320273	2.437923415e-15	5.216199999999449e-5	0.0	3.1999999999143824e-5
32.829413	1.9874595450000002e-15	3.347500000000503e-5	0.0	3.289999999900317e-5
32.9270325	3.210905355e-15	5.029800000000417e-5	0.0	3.339999999951715e-5
33.024063	3.621434075e-15	4.8403000000002416e-5	0.0	3.390000000003113e-5
33.1214836	4.119632525e-15	3.4314000000007505e-5	0.0	3.4799999999890474e-5
33.2179438	2.401408055e-15	4.930000000000212e-5	0.0	3.5299999998628095e-5
33.3134664	2.169330855e-15	3.23770000000001e-5	0.0	3.629999999965605e-5
33.4104048	2.0003501950000002e-15	4.011000000000986e-5	0.0	3.669999999900142e-5
33.507981	3.0877509350000004e-15	4.294399999998921e-5	0.0	3.7499999999468514e-5
33.6054501	3.517469645e-15	3.443899999999722e-5	0.0	3.829999999993561e-5
33.7033586	3.4369472149999997e-15	4.862199999999817e-5	0.0	3.879999999867323e-5
33.80176	2.428284925e-15	3.8968000000000336e-5	0.0	3.9699999998532576e-5
33.8997801	2.404352295e-15	3.65139999999875e-5	0.0	4.039999999960742e-5
33.9958148	3.4973425349999997e-15	4.582999999999671e-5	0.0	4.099999999951365e-5
34.0902956	3.764519795e-15	2.9653999999990077e-5	0.0	4.159999999941988e-5
34.1847241	2.5343812649999997e-15	4.256699999999336e-5	0.0	4.239999999988697e-5
34.2818594	3.2652863149999997e-15	3.942400000001012e-5	0.0	4.2899999998624594e-5
34.380278	2.0668210649999997e-15	3.1018999999993246e-5	0.0	4.339999999913857e-5
34.4795439	2.8716607349999997e-15	4.686800000000546e-5	0.0	4.389999999965255e-5
34.5767419	2.879252105e-15	3.33959999999911e-5	0.0	4.4599999998951034e-5
34.6719444	3.014221935e-15	3.850499999999424e-5	0.0	4.5199999998857265e-5
34.7685346	2.6815581449999997e-15	4.295000000001381e-5	0.0	4.5799999998763496e-5
34.8646835	2.524485555e-15	3.158200000000222e-5	0.0	4.679999999979145e-5
34.9604933	2.7398903950000004e-15	4.9730999999997305e-5	0.0	4.699999999857596e-5
35.0578964	2.472104705e-15	3.290499999999974e-5	0.0	4.749999999908994e-5
35.1540833	2.825385165e-15	3.9455999999993274e-5	0.0	4.819999999838842e-5
35.2502364	1.899555545e-15	4.638800000000831e-5	0.0	4.8599999999510146e-5
35.3469406	2.034021845e-15	2.694500000000044e-5	0.0	4.929999999880863e-5
35.4438383	1.682769495e-15	4.61539999999927e-5	0.0	4.979999999932261e-5
35.5406115	2.783970025e-15	3.3213000000004156e-5	0.0	5.05999999997897e-5
35.6374072	2.364996725e-15	3.522300000000089e-5	0.0	5.089999999974282e-5
35.7335336	2.723378895e-15	4.5869000000003934e-5	0.0	5.1299999999088186e-5
35.8283238	2.2177359350000004e-15	2.8575000000002904e-5	0.0	5.209999999955528e-5
35.9237543	2.8090484949999996e-15	4.523500000000458e-5	0.0	5.230000000011614e-5
36.0210359	2.541013665e-15	3.752600000000994e-5	0.0	5.2799999998853764e-5
36.1184407	2.836141065e-15	3.3346999999989135e-5	0.0	5.3399999998759995e-5
36.2152038	2.4204791549999996e-15	4.451099999999708e-5	0.0	5.389999999927397e-5
36.3118319	2.4639223850000004e-15	2.4042000000001895e-5	0.0	5.469999999974107e-5
36.4074267	1.626650655e-15	4.0076e-5	0.0	5.5599999999600414e-5
36.5001154	3.1272638550000003e-15	3.843900000000122e-5	0.0	5.659999999885201e-5
36.5906353	3.2856651949999997e-15	3.313199999999128e-5	0.0	5.7199999998758244e-5
36.6824359	2.5254226750000002e-15	4.183899999998797e-5	0.0	5.799999999922534e-5
36.7775576	2.233278845e-15	2.7284999999988013e-5	0.0	5.929999999843005e-5
36.8746716	2.532793755e-15	4.238000000000852e-5	0.0	5.990000000011264e-5
36.9712099	3.407826545e-15	3.608699999999021e-5	0.0	6.069999999880338e-5
37.0691881	3.1414815049999996e-15	3.2543999999995465e-5	0.0	6.139999999987822e-5
37.167979	1.899901715e-15	4.7437000000011276e-5	0.0	6.189999999861584e-5
37.2666169	2.630958875e-15	2.788900000000316e-5	0.0	6.229999999973757e-5
37.3644407	1.689916785e-15	3.6756999999998374e-5	0.0	6.319999999959691e-5
37.4593253	3.693340595e-15	3.4037999999986246e-5	0.0	6.38999999988954e-5
37.5529414	3.846072005e-15	2.0973000000007458e-5	0.0	6.449999999880163e-5
37.6455379	1.843066055e-15	4.034999999999456e-5	0.0	6.529999999926872e-5
37.7378261	3.5001259250000003e-15	2.537399999999468e-5	0.0	6.629999999852032e-5
37.8315487	2.5179676649999998e-15	4.119599999999335e-5	0.0	6.689999999842655e-5
37.9236772	3.1239769349999997e-15	3.482799999998676e-5	0.0	6.780000000006225e-5
38.0162167	3.154734065e-15	2.9377999999996574e-5	0.0	6.899999999987472e-5
38.1083412	1.7801461050000003e-15	3.489200000000858e-5	0.0	6.979999999856545e-5
38.2003835	2.6961219749999998e-15	2.3412999999999906e-5	0.0	7.039999999847169e-5
38.2943862	3.268356435e-15	4.2325000000009716e-5	0.0	7.130000000010739e-5
38.3877236	1.867571055e-15	2.6562000000007746e-5	0.0	7.209999999879813e-5
38.4832335	1.724821025e-15	3.230400000001077e-5	0.0	7.229999999935899e-5
38.5794177	2.136363795e-15	3.2183999999990665e-5	0.0	7.299999999865747e-5
38.6748032	2.963330695e-15	1.7682999999990567e-5	0.0	7.409999999907768e-5
38.7682255	1.5742313549999999e-15	3.6981999999990967e-5	0.0	7.459999999959166e-5
38.8601119	8.20975276e-16	2.1186000000006366e-5	0.0	7.519999999949789e-5
38.9505858	2.015685055e-15	3.3087999999986684e-5	0.0	7.609999999935724e-5
39.0414968	2.616683525e-15	2.779299999999818e-5	0.0	7.669999999926347e-5
39.1343504	1.448922955e-15	1.744800000000324e-5	0.0	7.709999999860884e-5
39.2271564	1.249875758e-15	3.644599999999554e-5	0.0	7.779999999968368e-5
39.3215381	1.4037033949999999e-15	2.0085000000003017e-5	0.0	7.879999999893528e-5
39.4164764	1.407381935e-15	3.983599999998755e-5	0.0	7.929999999944926e-5
39.5118073	2.207203815e-15	3.562400000001187e-5	0.0	8.009999999991635e-5
39.604738	1.726898075e-15	2.5185000000010893e-5	0.0	8.139999999912106e-5
39.6967565	4.35266259e-16	3.372900000001011e-5	0.0	8.249999999954127e-5
39.7877052	5.28432824e-16	1.986400000000832e-5	0.0	8.289999999888664e-5
39.879993	2.7575995409999996e-16	3.4682000000008095e-5	0.0	8.38999999999146e-5
39.9756373	6.161025459999999e-16	2.2396000000007854e-5	0.0	8.48999999991662e-5
40.071034	9.78894071e-16	3.220600000000684e-5	0.0	8.519999999911931e-5
40.1684578	1.039869846e-15	3.5225999999999313e-5	0.0	8.599999999958641e-5
40.2654682	2.037219595e-15	2.019500000000063e-5	0.0	8.729999999879112e-5
40.3624345	1.984270535e-15	3.652400000000999e-5	0.0	8.809999999925822e-5
40.4560524	1.4726779149999999e-15	2.6478999999995922e-5	0.0	8.849999999860358e-5
40.5477513	7.5924421e-16	3.176399999998969e-5	0.0	8.95999999990238e-5
40.6433541	2.1773768049999997e-15	3.844599999999754e-5	0.0	9.019999999893002e-5
40.739761	1.440768605e-15	2.8855999999993776e-5	0.0	9.060000000005175e-5
40.8356367	2.094025535e-15	4.07159999999962e-5	0.0	9.159999999930335e-5
40.930755	2.1459657849999996e-15	2.0886999999997213e-5	0.0	9.24999999991627e-5
41.0261967	1.692882005e-15	2.4238000000009752e-5	0.0	9.299999999967667e-5
41.1201913	9.01371825e-16	3.0551999999989254e-5	0.0	9.379999999836741e-5
41.212982	1.545593235e-15	1.9826000000000565e-5	0.0	9.53999999993016e-5
41.3052756	1.545810025e-15	3.8298999999991645e-5	0.0	9.619999999976869e-5
41.3986069	1.728045005e-15	2.0682999999993568e-5	0.0	9.719999999902029e-5
41.4922267	1.420319795e-15	2.9213000000000156e-5	0.0	9.869999999878587e-5
41.5857851	7.79035636e-16	3.200100000000372e-5	0.0	9.92999999986921e-5
41.6793723	2.201850345e-15	2.4877000000006477e-5	0.0	9.979999999920608e-5
41.7721297	1.703162355e-15	4.186500000000204e-5	0.0	0.00010079999999845768
41.863181	2.523044905e-15	2.7460000000006923e-5	0.0	0.000102199999998831
41.9539481	2.2933874349999997e-15	4.047099999998638e-5	0.0	0.0001029999999992981
42.0461262	8.98609417e-16	2.9978000000013827e-5	0.0	0.0001039999999985497
42.1400327	2.3953027849999996e-15	2.824800000000849e-5	0.0	0.00010550000000009163
42.2347615	4.83059406e-16	3.945399999999433e-5	0.0	0.00010609999999999786
42.3301033	2.314495375e-15	2.7709999999986357e-5	0.0	0.00010649999999934323
42.4266538	8.750485289999999e-16	3.9132999999996754e-5	0.0	0.00010749999999859483
42.5233039	1.237861033e-15	3.3349999999987556e-5	0.0	0.00010819999999966967
42.6174316	1.984564265e-15	2.6583999999996166e-5	0.0	0.00010849999999962279
42.7113613	1.502212945e-15	2.9639999999997446e-5	0.0	0.00010899999999836041
42.8059782	2.067271045e-15	1.5868000000002214e-5	0.0	0.00010969999999943525
42.9016042	5.594277349999999e-16	3.322999999999521e-5	0.0	0.00011019999999994923
42.9968288	1.406556715e-15	2.777100000000976e-5	0.0	0.00011109999999980857
43.0918693	8.69670576e-16	2.6903999999994266e-5	0.0	0.0001126999999989664
43.1869662	1.0262536239999999e-15	3.370799999999341e-5	0.0	0.00011359999999882575
43.2801925	6.390410189999999e-16	1.657199999999248e-5	0.0	0.00011469999999924596
43.3683628	1.0452757720000001e-15	3.3068999999996684e-5	0.0	0.00011599999999845068
43.4550532	2.4991413350000004e-15	2.2711000000008585e-5	0.0	0.00011709999999887089
43.54446	1.583368275e-15	3.6213000000007156e-5	0.0	0.00011779999999994573
43.6370449	1.9472892450000003e-15	3.2279999999995646e-5	0.0	0.00011859999999863646
43.7280817	1.1412257239999999e-15	2.252399999999599e-5	0.0	0.00011949999999849581
43.8194276	1.734748215e-15	3.2189999999987506e-5	0.0	0.00012009999999840204
43.9145884	1.559209455e-15	1.7154999999990928e-5	0.0	0.00012079999999947688
44.0081737	2.1351469449999998e-15	3.12590000000057e-5	0.0	0.00012179999999872848
44.0997533	1.9307008150000002e-15	2.488600000000174e-5	0.0	0.0001228999999991487
44.1936364	6.36537369e-16	2.8063999999994316e-5	0.0	0.00012359999999844717
44.2872088	2.2349153049999997e-15	2.9618000000009026e-5	0.0	0.00012439999999891427
44.3812902	1.796944335e-15	1.9509000000000887e-5	0.0	0.00012549999999933448
44.4748238	1.1193152870000001e-15	3.644699999999501e-5	0.0	0.00012569999999989534
44.5658018	9.79173808e-16	1.995599999998765e-5	0.0	0.00012619999999863296
44.6583626	1.834275305e-15	3.0903999999998266e-5	0.0	0.00012749999999961403
44.7531751	9.42423298e-16	2.8252000000006383e-5	0.0	0.00012860000000003424
44.8463675	1.065263015e-15	1.9594000000011658e-5	0.0	0.0001294999999998936
44.93981	1.292801472e-15	3.627600000000175e-5	0.0	0.00013069999999970605
45.034491	7.02037897e-16	2.3289000000009663e-5	0.0	0.00013210000000007938
45.1301721	1.054325279e-15	3.435299999998698e-5	0.0	0.000132599999998817
45.2264687	1.670041435e-15	2.6852999999993354e-5	0.0	0.0001333999999992841
45.3224381	1.541879715e-15	1.7764000000003444e-5	0.0	0.0001344999999997043
45.4184314	1.9548106849999998e-15	3.4429000000002485e-5	0.0	0.0001346999999984888
45.5123042	1.722338355e-15	1.6103999999989016e-5	0.0	0.00013519999999900278
45.6056306	1.250554121e-15	2.9287999999988434e-5	0.0	0.00013599999999946988
45.7013878	2.2258098549999998e-15	3.2466000000008766e-5	0.0	0.0001365999999993761
45.7966691	1.229720673e-15	2.0143999999999718e-5	0.0	0.00013719999999928234
45.8893646	1.0017223969999998e-15	3.11560000000044e-5	0.0	0.00013789999999858082
45.9824028	1.700616745e-15	1.3876999999995476e-5	0.0	0.0001391999999995619
46.0775594	8.437354159999999e-16	2.4117999999989648e-5	0.0	0.00013970000000007587
46.1713528	1.0886210929999999e-15	2.387500000000653e-5	0.0	0.00014069999999932747
46.264827	2.026531875e-15	1.943700000001103e-5	0.0	0.00014189999999913994
46.3582481	2.166253745e-15	3.4338999999994346e-5	0.0	0.00014269999999960703
46.451028	2.861786875e-15	1.9311999999993557e-5	0.0	0.00014350000000007412
46.543859	8.47389486e-16	2.6239000000011226e-5	0.0	0.00014409999999998035
46.6363131	2.0865705250000002e-15	1.4889999999989634e-5	0.0	0.0001451999999986242
46.7292586	8.56564875e-16	2.247799999999245e-5	0.0	0.00014509999999923195
46.8236336	1.276164086e-15	2.879299999999918e-5	0.0	0.00014549999999857732
46.9179437	1.305823252e-15	1.9077000000006228e-5	0.0	0.00014659999999899753
47.009058	1.727891145e-15	3.5444999999995064e-5	0.0	0.0001469999999983429
47.0999104	1.483792225e-15	1.923200000000791e-5	0.0	0.00014779999999881
47.1931187	1.263387077e-15	2.7285999999987487e-5	0.0	0.00014849999999988484
47.286383	5.387551359999999e-16	2.5600999999986218e-5	0.0	0.00014909999999979107
47.3796885	9.847126100000001e-16	1.7212999999988154e-5	0.0	0.00014929999999857557
47.4755123	4.72009776e-16	3.414099999998754e-5	0.0	0.0001498999999984818
47.5688825	1.706547175e-15	1.4313999999987503e-5	0.0	0.0001508000000001175
47.660058	7.371729229999999e-16	2.3141000000004297e-5	0.0	0.00015089999999950976
47.7505967	9.069963099999999e-17	1.6397000000001327e-5	0.0	0.0001517999999993691
47.840716	8.535664499999998e-17	1.559500000000713e-5	0.0	0.00015269999999922845
47.9332755	2.508358685e-15	2.1460000000000923e-5	0.0	0.00015349999999969555
48.0269446	2.002845105e-15	1.790400000001302e-5	0.0	0.00015419999999899403
48.1202793	1.267387323e-15	3.109300000000981e-5	0.0	0.00015479999999890026
48.2145616	9.17687512e-16	1.6025000000002843e-5	0.0	0.00015559999999936736
48.3103351	3.1848985259999995e-16	2.644500000001382e-5	0.0	0.00015609999999988133
48.4060273	1.2430501629999999e-15	2.6568000000004588e-5	0.0	0.00015699999999974068
48.5004902	1.2907961199999998e-16	1.6281000000006873e-5	0.0	0.00015789999999960003
48.5925629	1.0125884490000001e-15	3.37810000000105e-5	0.0	0.00015900000000002024
48.6862876	1.03947122e-15	1.815799999999035e-5	0.0	0.0001601999999998327
48.7808581	1.234518171e-15	2.2452000000006134e-5	0.0	0.0001611999999990843
48.8740862	1.224884711e-15	1.9122000000010297e-5	0.0	0.00016250000000006537
48.9660985	9.52039274e-16	1.7591000000011237e-5	0.0	0.00016349999999931697
49.0585695	8.89378081e-16	3.204300000000937e-5	0.0	0.00016459999999973718
49.1516684	1.781404925e-15	1.2666999999993989e-5	0.0	0.00016549999999959653
49.24625	3.3134378929999997e-16	3.0845000000001566e-5	0.0	0.0001660000000001105
49.3422885	-1.9433011000000022e-17	2.4364999999998416e-5	0.0	0.000166699999999409
49.4373895	9.17771434e-16	1.2615999999993077e-5	0.0	0.00016729999999931522
49.5326574	1.339142605e-15	2.994500000000344e-5	0.0	0.0001680999999997823
49.6281091	2.719695114e-16	1.652899999998736e-5	0.0	0.0001690999999990339
49.7226715	1.005888737e-15	2.5513000000004782e-5	0.0	0.00017029999999884637
49.8154479	1.091824087e-15	2.195299999999123e-5	0.0	0.00017119999999870572
49.9059056	2.1148519849999997e-15	2.0460999999999396e-5	0.0	0.00017189999999978056
49.9971578	1.007315398e-15	2.3671000000002884e-5	0.0	0.00017259999999907905
50.0	1.653732745e-15	2.4601000000012974e-5	0.0	0.00017259999999907905
